3 0.49166133007812496 0.124440275390625 0.048828125 0.06640625
3 0.5095091523437499 0.065542458984375 0.029296875 0.04296875
3 0.71055273046875 0.012177347656249999 0.041015625 0.0234375
3 0.773899931640625 0.009789259765625 0.064453125 0.029296875
3 0.92771441015625 0.18357302734375 0.03125 0.0234375
3 0.9417915664062501 0.377526275390625 0.052734375 0.025390625
3 0.957754056640625 0.40366956640625 0.0546875 0.021484375
3 0.902073876953125 0.45042583593749996 0.041015625 0.06640625
3 0.956371478515625 0.53463739453125 0.03515625 0.021484375
3 0.980530396484375 0.7718122539062501 0.021484375 0.056640625
3 0.807093451171875 0.956886205078125 0.0390625 0.048828125
