3 0.31715502734375 0.513063578125 0.046875 0.021484375
3 0.29394219140625 0.546661103515625 0.046875 0.03125
3 0.12213666601562499 0.661198119140625 0.04296875 0.01953125
3 0.12549641796875 0.68303651171875 0.048828125 0.02734375
3 0.31333219921875 0.8062335019531249 0.013671875 0.03125
3 0.25957616015625 0.809287822265625 0.015625 0.033203125
3 0.16550308984374998 0.7970705390625 0.025390625 0.033203125
3 0.169779138671875 0.9097749628906249 0.021484375 0.0390625
3 0.15374395507812502 0.985063962890625 0.0234375 0.04296875
3 0.47175012304687497 0.806693583984375 0.037109375 0.029296875
3 0.41920555078125 0.59799713671875 0.0234375 0.04296875
