3 0.74146262890625 0.871509744140625 0.015625 0.02734375
3 0.717793162109375 0.8723120976562501 0.01953125 0.04296875
3 0.681687193359375 0.877126228515625 0.017578125 0.044921875
3 0.505028533203125 0.291986171875 0.052734375 0.0703125
3 0.57162398046875 0.313850341796875 0.033203125 0.041015625
3 0.61314584375 0.3128473984375 0.0390625 0.056640625
3 0.69338132421875 0.30963797851562497 0.037109375 0.015625
3 0.700201341796875 0.2637031640625 0.0390625 0.017578125
3 0.96939703125 0.462065046875 0.01953125 0.046875
3 0.953951701171875 0.33027826953125 0.041015625 0.017578125
3 0.844630857421875 0.28895699414062503 0.0390625 0.013671875
3 0.8442296796875 0.2213586015625 0.048828125 0.015625
3 0.9804294101562501 0.159555123046875 0.037109375 0.03515625
3 1.0028953457031249 0.14872333398437498 0.04296875 0.041015625
