3 0.50816437890625 0.523439330078125 0.0234375 0.029296875
3 0.655505765625 0.38338873828125003 0.025390625 0.06640625
3 0.80329706640625 0.258347986328125 0.03515625 0.017578125
3 0.841163857421875 0.26176556640625 0.0390625 0.015625
3 0.8355590234375 0.32000113281250003 0.041015625 0.013671875
3 0.869461419921875 0.161562115234375 0.017578125 0.03515625
3 0.9361010703125001 0.13328177929687499 0.025390625 0.017578125
3 0.9887318046875 0.1243960703125 0.01953125 0.02734375
3 0.9875014765624999 0.088169720703125 0.017578125 0.033203125
3 0.9530522675781251 0.46110138085937497 0.03125 0.037109375
3 0.9813498320312499 0.51113475390625 0.02734375 0.03515625
3 0.8743112207031251 0.51113475390625 0.015625 0.041015625
3 0.91060637109375 0.03203351953125 0.017578125 0.046875
3 0.883727587890625 0.020274052734375 0.021484375 0.03515625
