3 0.088276162109375 0.096365017578125 0.033203125 0.037109375
3 0.11420808203125 0.0770945078125 0.017578125 0.037109375
3 0.0973166484375 0.11682506445312499 0.03125 0.033203125
3 0.183201265625 0.099219908203125 0.021484375 0.03515625
3 0.418967630859375 0.069719373046875 0.021484375 0.044921875
3 0.22388345507812502 0.299300142578125 0.044921875 0.017578125
3 0.4703750703125 0.536913560546875 0.01953125 0.046875
3 0.100428857421875 0.42105258984374994 0.025390625 0.048828125
3 0.6991570664062501 0.31350481054687496 0.04296875 0.017578125
3 0.592812400390625 0.3775019375 0.0234375 0.037109375
3 0.615889431640625 0.3760744921875 0.01953125 0.05078125
3 0.7943200820312499 0.38773196093749995 0.0234375 0.05078125
3 0.7555411523437501 0.479088453125 0.03125 0.064453125
3 0.9374427851562499 0.108022486328125 0.0234375 0.0625
3 0.965277966796875 0.105643412109375 0.01953125 0.046875
3 0.9657537812500001 0.160837958984375 0.015625 0.0390625
3 0.796601525390625 0.870352859375 0.017578125 0.03515625
3 0.24395748632812503 0.6664089609375 0.048828125 0.0234375
