3 0.359042921875 0.4306204375 0.076171875 0.076171875
3 0.34285121679687497 0.536685212890625 0.04296875 0.046875
3 0.2880905 0.547782900390625 0.044921875 0.04296875
3 0.48548377929687503 0.38950441796875 0.041015625 0.04296875
3 0.15352958984375 0.683721525390625 0.03515625 0.033203125
3 0.361838626953125 0.728294201171875 0.13671875 0.138671875
3 0.544374947265625 0.5903759609375 0.111328125 0.1171875
3 0.5762125722656251 0.48467504296875 0.03515625 0.03515625
3 0.61777454296875 0.251387251953125 0.033203125 0.037109375
3 0.136404623046875 0.9240464921875 0.037109375 0.0390625
