3 0.56422332421875 0.276570521484375 0.056640625 0.017578125
3 0.5653485390625 0.34363333007812497 0.052734375 0.021484375
3 0.695423376953125 0.28804771484375 0.03515625 0.0546875
3 0.589232759765625 0.56742155859375 0.04296875 0.013671875
3 0.39038727734375 0.744260890625 0.052734375 0.025390625
3 0.82090398828125 0.7416888613281251 0.041015625 0.013671875
3 0.807626453125 0.7981746484375001 0.056640625 0.01953125
3 0.8222542460937501 0.82585493359375 0.044921875 0.017578125
3 0.616561705078125 0.4987897578125 0.037109375 0.04296875
3 0.76014238671875 0.0232163515625 0.052734375 0.021484375
