3 0.11339023828125 0.554269564453125 0.015625 0.046875
3 0.160814451171875 0.674446828125 0.033203125 0.017578125
3 0.27533314257812497 0.670135537109375 0.033203125 0.080078125
3 0.30847620117187496 0.6817221328124999 0.01953125 0.03515625
3 0.353205853515625 0.7202543046875 0.052734375 0.021484375
3 0.26347708984375 0.549419361328125 0.015625 0.037109375
3 0.6399187265624999 0.01205966015625 0.04296875 0.03515625
3 0.86493313671875 0.28811755078125 0.064453125 0.0546875
3 1.00449757421875 0.742006798828125 0.046875 0.017578125
3 0.9266701210937499 0.65097226171875 0.05859375 0.0625
3 0.6917727148437499 0.689885990234375 0.06640625 0.02734375
3 0.6500288984375 0.678093951171875 0.03515625 0.03515625
3 0.248828611328125 0.8700683359375 0.01953125 0.033203125
