3 0.08822562890624999 0.14961663085937502 0.064453125 0.0234375
3 0.043761451171875 0.36276100976562503 0.04296875 0.0390625
3 0.35586782421875 0.2517497421875 0.048828125 0.01953125
3 0.406816357421875 0.25294074609375 0.05078125 0.021484375
3 0.41277138085937504 0.29277323828125 0.08984375 0.0234375
3 0.48280139453125004 0.38896347460937497 0.037109375 0.015625
3 0.90983958984375 0.841423828125 0.04296875 0.01953125
3 0.625968181640625 0.96541980859375 0.046875 0.01953125
3 0.5609922578125 0.9318070097656249 0.037109375 0.017578125
3 0.5394218398437499 0.9681988203125 0.041015625 0.01953125
3 0.296075740234375 0.8325712890625 0.04296875 0.0234375
3 0.55929894140625 0.05167266796875 0.041015625 0.068359375
