3 0.404305998046875 0.16426895703125002 0.025390625 0.0390625
3 0.31720734960937497 0.36666529296875 0.01953125 0.037109375
3 0.5546250722656251 0.27388135546875003 0.029296875 0.052734375
3 0.60010739453125 0.2359036171875 0.0234375 0.046875
3 0.5832789375 0.29048240234375 0.033203125 0.056640625
3 0.49728101171874994 0.504166369140625 0.02734375 0.046875
3 0.23302871875 0.6717687285156251 0.025390625 0.037109375
3 0.6877285058593751 0.41367768749999995 0.03125 0.04296875
3 0.3779728984375 0.925048267578125 0.021484375 0.03125
3 0.8362667753906249 0.9268069199218749 0.04296875 0.03515625
3 0.6983643730468749 0.9037018984374999 0.046875 0.03125
