3 0.049205283203125 0.489123578125 0.013671875 0.041015625
3 0.093845548828125 0.47730104101562504 0.0234375 0.0390625
3 0.110967841796875 0.42226509765625 0.03125 0.048828125
3 0.134205240234375 0.564747041015625 0.033203125 0.01953125
3 0.108521798828125 0.60266069140625 0.05078125 0.0234375
3 0.1005721640625 0.635070748046875 0.033203125 0.01953125
3 0.119936662109375 0.70294841015625 0.087890625 0.037109375
3 0.07468488671875 0.341567205078125 0.060546875 0.03125
3 0.083857544921875 0.364193091796875 0.0390625 0.02734375
3 0.11443306835937501 0.7287737890625 0.0625 0.0234375
