3 0.19503016796875 0.211423630859375 0.041015625 0.033203125
3 0.150224251953125 0.23962500390625 0.041015625 0.02734375
3 0.19595264453125 0.248849751953125 0.041015625 0.029296875
3 0.254068556640625 0.21102828515625002 0.041015625 0.03125
3 0.8422787792968749 0.24613163671875 0.037109375 0.041015625
3 0.834378083984375 0.178185673828125 0.033203125 0.0390625
3 0.966545396484375 0.30933718359374995 0.03515625 0.04296875
3 0.15577330859375 0.499787978515625 0.033203125 0.033203125
3 0.293401650390625 0.688299376953125 0.0390625 0.0390625
3 0.40794665429687504 0.842769580078125 0.03125 0.03515625
