3 0.23007721289062502 0.0928908671875 0.080078125 0.0234375
3 0.350766306640625 0.0640900625 0.01953125 0.044921875
3 0.3015649296875 0.04900392578125 0.017578125 0.044921875
3 0.39945338281250004 0.07591896289062501 0.025390625 0.05078125
3 0.334855693359375 0.31504728515625 0.017578125 0.03515625
3 0.304683421875 0.47962331835937505 0.037109375 0.015625
3 0.823646013671875 0.23257316601562503 0.044921875 0.029296875
3 0.7867668476562499 0.27137775000000003 0.068359375 0.0234375
3 0.789580919921875 0.126230830078125 0.029296875 0.0234375
3 0.80809455859375 0.094387373046875 0.033203125 0.01953125
3 0.958129078125 0.092758173828125 0.017578125 0.04296875
3 0.767411203125 0.484991638671875 0.046875 0.017578125
3 0.9615274238281251 0.7229186660156249 0.017578125 0.041015625
3 0.46630649609374997 0.8795752753906251 0.017578125 0.037109375
