3 0.355946859375 0.35854254296875 0.044921875 0.017578125
3 0.73360159375 0.333914650390625 0.025390625 0.033203125
3 0.6984432070312501 0.3125619140625 0.02734375 0.0390625
3 0.758635837890625 0.318268248046875 0.021484375 0.05078125
3 0.7731777890625 0.284214314453125 0.01953125 0.033203125
3 0.740228306640625 0.3648393046875 0.03515625 0.013671875
3 0.595260919921875 0.560006373046875 0.0390625 0.068359375
3 0.38912120507812503 0.6774726699218749 0.064453125 0.021484375
3 0.30672781835937496 0.5249771953125001 0.025390625 0.041015625
3 0.33714358203125 0.5382059707031249 0.01953125 0.033203125
