3 0.24016379492187498 0.086417216796875 0.0546875 0.029296875
3 0.42042508203125 0.62269856640625 0.01953125 0.041015625
3 0.443660265625 0.61142605078125 0.017578125 0.033203125
3 0.799089580078125 0.6696290390625 0.017578125 0.03515625
3 0.840602603515625 0.236296234375 0.0234375 0.033203125
3 0.37601834960937497 0.19100715625 0.0234375 0.01953125
3 0.9587917441406251 0.9074108515624999 0.01171875 0.0234375
3 0.969283130859375 0.908083375 0.013671875 0.0234375
3 0.905662287109375 0.78797044921875 0.04296875 0.017578125
3 0.3150549453125 0.9184402578125 0.025390625 0.041015625
