3 0.087702384765625 0.0660901171875 0.02734375 0.05859375
3 0.035679935546875 0.08292091015625 0.041015625 0.029296875
3 0.167913021484375 0.192371865234375 0.03125 0.046875
3 0.389211658203125 0.20643745703125 0.017578125 0.048828125
3 0.41978087890625004 0.201186302734375 0.01953125 0.037109375
3 0.44110307031250007 0.2544587109375 0.05078125 0.01953125
3 0.776478583984375 0.5827564472656249 0.048828125 0.01953125
3 0.77422808984375 0.6076994296875 0.033203125 0.013671875
3 0.6645164765625 0.51242848828125 0.017578125 0.0390625
3 0.5615563457031251 0.5752547988281249 0.04296875 0.0234375
3 0.08712860742187499 0.661909708984375 0.037109375 0.037109375
3 0.652782728515625 0.838607626953125 0.025390625 0.041015625
3 0.570067982421875 0.782188001953125 0.015625 0.037109375
