3 0.41068051953124995 0.30892840039062497 0.013671875 0.037109375
3 0.48889612109375 0.29975496679687497 0.01953125 0.04296875
3 0.49066643164062496 0.236667486328125 0.021484375 0.044921875
3 0.49018362109375 0.190800314453125 0.0234375 0.041015625
3 0.525267982421875 0.20608937109375 0.0234375 0.0625
3 0.525107044921875 0.2662799765625 0.021484375 0.046875
3 0.2209725859375 0.5217965117187501 0.015625 0.0390625
3 0.78888230078125 0.14883029296875 0.025390625 0.048828125
3 0.812368740234375 0.166388115234375 0.0234375 0.056640625
3 0.844748103515625 0.308218849609375 0.021484375 0.046875
3 0.7113583144531249 0.592033837890625 0.01953125 0.048828125
