3 0.657001115234375 0.45912735546875 0.021484375 0.033203125
3 0.625902869140625 0.468191166015625 0.0234375 0.041015625
3 0.580583818359375 0.599772693359375 0.021484375 0.041015625
3 0.608556611328125 0.5236679375 0.033203125 0.0625
3 0.494946435546875 0.58414543359375 0.02734375 0.060546875
3 0.030336347656250002 0.399326736328125 0.033203125 0.02734375
3 0.09972137890625 0.566008630859375 0.0546875 0.048828125
3 0.064403771484375 0.665398001953125 0.044921875 0.044921875
3 0.10269055859375001 0.83905869140625 0.015625 0.025390625
3 0.10425328515624999 0.89828600390625 0.02734375 0.041015625
3 0.13309029296875 0.6477597675781249 0.01953125 0.021484375
3 0.26302558984375 0.780748470703125 0.060546875 0.021484375
3 0.615071806640625 0.873126115234375 0.0625 0.03515625
3 0.77746178515625 0.699280185546875 0.046875 0.064453125
3 0.747926265625 0.700061548828125 0.017578125 0.048828125
3 0.88500283203125 0.50527013671875 0.025390625 0.046875
3 0.9773599374999999 0.32930276953125 0.04296875 0.041015625
3 0.9590760449218749 0.372277734375 0.03515625 0.044921875
3 0.391973232421875 0.574504931640625 0.056640625 0.029296875
