3 0.09572575 0.51158840625 0.029296875 0.05078125
3 0.118400025390625 0.444890697265625 0.04296875 0.01953125
3 0.18053343359375001 0.51880294921875 0.021484375 0.037109375
3 0.202471533203125 0.519097419921875 0.017578125 0.0390625
3 0.24458090234375 0.519686361328125 0.01953125 0.048828125
3 0.323720373046875 0.382519869140625 0.04296875 0.0390625
3 0.43443981249999997 0.690161060546875 0.056640625 0.0234375
3 0.44180158984375 0.7201971171875 0.041015625 0.0234375
3 0.26569303710937503 0.7156028515625 0.046875 0.015625
3 0.2769203125 0.74426642578125 0.048828125 0.021484375
