3 0.395074251953125 0.110385234375 0.03515625 0.048828125
3 0.34413405078125003 0.073253 0.044921875 0.04296875
3 0.195605111328125 0.143972181640625 0.01953125 0.044921875
3 0.363218984375 0.23409123828124997 0.044921875 0.01953125
3 0.6239273300781251 0.20690614257812498 0.046875 0.015625
3 0.531190041015625 0.289194158203125 0.0234375 0.04296875
3 0.658074060546875 0.379505724609375 0.0546875 0.015625
3 0.6742213574218751 0.00907161328125 0.03515625 0.015625
3 0.60068090625 0.6736394296875 0.037109375 0.013671875
3 0.61094358203125 0.6958441328125 0.033203125 0.017578125
3 0.61038380078125 0.7150633281250001 0.05078125 0.0234375
3 0.389475109375 0.966714740234375 0.05078125 0.048828125
3 0.429219662109375 1.001048064453125 0.033203125 0.02734375
