3 0.030044792968749998 0.0996980546875 0.04296875 0.017578125
3 0.03589451953125 0.5341513027343749 0.068359375 0.03125
3 0.11532764843750001 0.5316882597656251 0.08984375 0.0234375
3 0.0973166484375 0.50474873046875 0.05078125 0.021484375
3 0.8948853242187501 0.8380814023437501 0.017578125 0.046875
3 0.9844785039062501 0.132415005859375 0.05078125 0.02734375
3 0.909817521484375 0.1253337578125 0.06640625 0.021484375
3 0.622103345703125 0.32129959375 0.029296875 0.08203125
3 0.652891380859375 0.20245778125 0.02734375 0.0625
3 0.663051431640625 0.084231732421875 0.017578125 0.044921875
