3 0.4977955078125 0.40133232421875 0.078125 0.03515625
3 0.085648681640625 0.878420142578125 0.01953125 0.05078125
3 0.32680634765625 0.1510771484375 0.0703125 0.0625
3 0.69634306640625 0.8841 0.060546875 0.05859375
3 0.05690851953125 0.70380562109375 0.046875 0.01953125
3 0.129774697265625 0.324162646484375 0.029296875 0.033203125
3 0.2725786953125 0.32296261328125003 0.03125 0.048828125
3 0.279778896484375 0.20004488671874998 0.048828125 0.041015625
3 0.292027951171875 0.1370400078125 0.03125 0.03515625
3 0.42276531835937503 0.15918534570312498 0.060546875 0.048828125
3 0.38921053125 0.47983230859375 0.041015625 0.02734375
3 0.29845813671875 0.9374859335937501 0.04296875 0.029296875
