3 0.3498518046875 0.12614359765625 0.0703125 0.03515625
3 0.25176560546875 0.104364330078125 0.0703125 0.037109375
3 0.165920310546875 0.1639791171875 0.0390625 0.064453125
3 0.19427608789062498 0.344575677734375 0.05859375 0.05859375
3 0.08283617578125 0.350139724609375 0.0390625 0.03125
3 0.59444113671875 0.712347515625 0.025390625 0.0390625
3 0.624486990234375 0.7188653984375 0.03515625 0.044921875
3 0.634502275390625 0.670537677734375 0.021484375 0.0390625
3 0.705563103515625 0.6458968984375 0.017578125 0.03515625
3 0.703337484375 0.687547763671875 0.025390625 0.03515625
3 0.7639061093749999 0.676578642578125 0.064453125 0.037109375
3 0.782664896484375 0.636835451171875 0.041015625 0.025390625
3 0.80110573828125 0.624594546875 0.041015625 0.029296875
3 0.49213410546875 0.568973765625 0.083984375 0.021484375
