3 0.492423546875 0.141916365234375 0.033203125 0.03125
3 0.744081587890625 0.09638964257812499 0.029296875 0.0546875
3 0.766701072265625 0.2754725703125 0.05859375 0.033203125
3 0.765668095703125 0.610669796875 0.048828125 0.015625
3 0.9143230117187501 0.6449086015625 0.017578125 0.0390625
3 0.856512767578125 0.78186382421875 0.0234375 0.029296875
3 0.8246827207031251 0.664694845703125 0.03125 0.037109375
3 0.9153553378906251 0.694116130859375 0.01953125 0.044921875
3 0.815907951171875 0.824189181640625 0.03125 0.0234375
3 0.973819865234375 0.8518333671875 0.01953125 0.041015625
3 0.93304299609375 0.8914058554687501 0.015625 0.048828125
3 0.8817708144531251 0.926504931640625 0.0234375 0.03125
3 0.7661503242187501 0.36706941796875 0.044921875 0.015625
3 0.794711337890625 0.48957208007812497 0.03125 0.03515625
