3 0.8082368359375001 0.07408917578125 0.0625 0.06640625
3 0.9041205703125 0.152866890625 0.01953125 0.044921875
3 0.718430240234375 0.2408728515625 0.025390625 0.04296875
3 0.7476905351562501 0.30794644921875003 0.021484375 0.044921875
3 0.671838849609375 0.216564298828125 0.01953125 0.037109375
3 0.5311421484375 0.1971118828125 0.044921875 0.025390625
3 0.479599015625 0.194861091796875 0.033203125 0.01171875
3 0.82380112109375 0.45333827929687504 0.01171875 0.037109375
3 0.8231258828124999 0.4983541171875 0.013671875 0.03515625
3 0.395732029296875 0.44412858203125 0.025390625 0.05078125
3 0.450337265625 0.8872734511718751 0.025390625 0.037109375
3 0.42220236718750004 0.9169839042968749 0.029296875 0.0703125
