3 0.033275802734375 0.183489927734375 0.0234375 0.048828125
3 0.0592008203125 0.186921177734375 0.025390625 0.0390625
3 0.153560255859375 0.167477416015625 0.05078125 0.03125
3 0.24162906445312501 0.28757124609375 0.021484375 0.044921875
3 0.3088883359375 0.360465857421875 0.04296875 0.033203125
3 0.346060236328125 0.27830642968749997 0.021484375 0.046875
3 0.43866259375 0.19873841015625002 0.134765625 0.029296875
3 0.39977506835937504 0.157563384765625 0.0859375 0.029296875
3 0.394628189453125 0.11905710937500001 0.072265625 0.02734375
3 0.47812199609375 0.09980397265625 0.0703125 0.021484375
3 0.414262578125 0.081885208984375 0.0703125 0.0234375
