3 0.164612375 0.114492921875 0.04296875 0.04296875
3 0.22817087109375003 0.112125412109375 0.0390625 0.029296875
3 0.266961587890625 0.144542068359375 0.03515625 0.02734375
3 0.39462492968749996 0.139807048828125 0.037109375 0.041015625
3 0.465349662109375 0.24045590234375 0.046875 0.03515625
3 0.41453928515625005 0.276879109375 0.0703125 0.029296875
3 0.47154160742187495 0.26850177148437504 0.052734375 0.017578125
3 0.505961537109375 0.25411460546875003 0.033203125 0.025390625
3 0.7118528867187499 0.44521586718750006 0.06640625 0.068359375
3 0.569620259765625 0.559038390625 0.021484375 0.037109375
3 0.587103400390625 0.5827134746093751 0.017578125 0.0390625
3 0.648658619140625 0.676867466796875 0.05859375 0.02734375
3 0.70821056640625 0.6511891054687501 0.068359375 0.041015625
3 0.89478348046875 0.87409975 0.044921875 0.064453125
3 0.30861368359375 0.696596216796875 0.0625 0.02734375
3 0.24013805273437502 0.6949571738281249 0.033203125 0.03515625
3 0.272372591796875 0.7018775839843749 0.0390625 0.017578125
3 0.9773902539062499 0.788430765625 0.08203125 0.052734375
3 0.2844767578125 0.84259267578125 0.02734375 0.04296875
