3 0.700160341796875 0.085995048828125 0.05859375 0.013671875
3 0.6453483125 0.11208557421875 0.048828125 0.021484375
3 0.7356785371093749 0.11647053515625 0.08984375 0.029296875
3 0.824474025390625 0.11647053515625 0.046875 0.017578125
3 0.9012108671875 0.114058806640625 0.046875 0.01953125
3 0.8900292128906251 0.08643354296875 0.04296875 0.017578125
3 0.9058150761718751 0.2673132421875 0.041015625 0.0390625
3 0.607199140625 0.3611514375 0.03125 0.041015625
3 0.0561773046875 0.13554512109375 0.044921875 0.015625
3 0.706540111328125 0.778634509765625 0.01953125 0.04296875
3 0.7056552988281249 0.9562001601562501 0.02734375 0.0390625
