3 0.038336572265625 0.715391087890625 0.025390625 0.060546875
3 0.166825296875 0.743305572265625 0.0546875 0.037109375
3 0.18591387890625002 0.94527507421875 0.02734375 0.064453125
3 0.35709534765625 0.734684923828125 0.05078125 0.021484375
3 0.552699595703125 0.67920079296875 0.025390625 0.060546875
3 0.599292154296875 0.640407869140625 0.029296875 0.033203125
3 0.60955483203125 0.6024359609375001 0.01953125 0.037109375
3 0.6116073671875001 0.546401740234375 0.017578125 0.04296875
3 0.6171492128906251 0.495498857421875 0.01953125 0.0390625
3 0.61673870703125 0.4400803984375 0.017578125 0.037109375
3 0.618775416015625 0.37702530859375 0.01953125 0.03515625
3 0.619185923828125 0.32386463671875 0.017578125 0.03515625
3 0.455146533203125 0.04708083984375 0.0390625 0.017578125
3 0.17909733984375 0.07710170117187501 0.04296875 0.017578125
