3 0.2812075078125 0.278260486328125 0.046875 0.0390625
3 0.173268626953125 0.35613788671875 0.04296875 0.02734375
3 0.14522469335937502 0.254049896484375 0.03125 0.03125
3 0.161566841796875 0.32446236328125 0.056640625 0.0546875
3 0.26163728124999996 0.19816378515625 0.083984375 0.041015625
3 0.2812075078125 0.37348880859375 0.021484375 0.029296875
3 0.324383060546875 0.38761165234375 0.0234375 0.060546875
3 0.193040609375 0.45560305859375005 0.048828125 0.01953125
3 0.294725087890625 0.161242634765625 0.048828125 0.0390625
3 0.177303724609375 0.3970941328125 0.029296875 0.052734375
