3 0.28839977929687505 0.21499148828124998 0.0234375 0.05078125
3 0.768322337890625 0.3433217265625 0.060546875 0.0703125
3 0.7865170429687499 0.53638283984375 0.03515625 0.02734375
3 0.178510396484375 0.46760066015624996 0.0234375 0.048828125
3 0.23495387695312503 0.8557582578125 0.037109375 0.02734375
3 0.191047017578125 0.885768669921875 0.048828125 0.0390625
3 0.155123220703125 0.992209546875 0.041015625 0.033203125
3 0.22948400000000002 0.999009935546875 0.029296875 0.029296875
3 0.5398273203125 0.79778709375 0.044921875 0.04296875
3 0.946972173828125 0.993056853515625 0.0390625 0.029296875
