0 0.65 0.51484375 0.02265625 0.1359375
0 0.70546875 0.4375 0.0203125 0.12734375
0 0.7734375 0.68359375 0.02578125 0.146875
0 0.8546875 0.63125 0.04296875 0.14765625
0 0.89921875 0.65 0.01953125 0.14375
0 0.940625 0.49453125 0.0234375 0.13203125
0 0.55 0.37578125 0.028125 0.11171875
0 0.56953125 0.34140625 0.02578125 0.1203125
0 0.403125 0.1359375 0.025 0.10625
0 0.403125 0.71328125 0.02421875 0.13984375
0 0.35859375 0.628125 0.0265625 0.11640625
0 0.359375 0.74140625 0.03046875 0.14921875
0 0.2890625 0.75234375 0.02421875 0.1375
0 0.53203125 0.33828125 0.02265625 0.12421875
0 0.4390625 0.59375 0.0296875 0.14609375