0 0.64921875 0.478125 0.0546875 0.1375
0 0.684375 0.38984375 0.05 0.128125
0 0.809375 0.61171875 0.0609375 0.1484375
0 0.87578125 0.54140625 0.078125 0.153125
0 0.9234375 0.54921875 0.053125 0.14375
0 0.9265625 0.38828125 0.0546875 0.134375
0 0.51875 0.3671875 0.0546875 0.115625
0 0.52890625 0.32890625 0.0546875 0.1234375
0 0.31796875 0.1703125 0.05 0.109375
0 0.4578125 0.73046875 0.0578125 0.1421875
0 0.39375 0.65859375 0.0546875 0.11875
0 0.421875 0.76796875 0.065625 0.1515625
0 0.35625 0.79609375 0.05625 0.1390625
0 0.4921875 0.33515625 0.0515625 0.1265625
0 0.46328125 0.60546875 0.0640625 0.1484375