0 0.64609375 0.5359375 0.040625 0.1375
0 0.7125 0.46640625 0.0375 0.1296875
0 0.7453125 0.71953125 0.0453125 0.1484375
0 0.8328125 0.6796875 0.0625 0.1515625
0 0.87421875 0.70390625 0.0390625 0.1453125
0 0.93671875 0.55625 0.0421875 0.134375
0 0.5671875 0.38359375 0.04375 0.1140625
0 0.590625 0.35234375 0.0421875 0.1234375
0 0.4546875 0.12578125 0.0390625 0.109375
0 0.37421875 0.69765625 0.04375 0.1421875
0 0.3421875 0.60703125 0.0421875 0.11875
0 0.32734375 0.71953125 0.0515625 0.1515625
0 0.25625 0.7203125 0.04375 0.1390625
0 0.55390625 0.34453125 0.0390625 0.1265625
0 0.4265625 0.584375 0.05 0.1484375