0 0.44375 0.40625 0.028125 0.12109375
0 0.20390625 0.39609375 0.02421875 0.12890625
0 0.18671875 0.075 0.01953125 0.0765625
0 0.10625 0.2890625 0.01875 0.11640625
0 0.2390625 0.80859375 0.0515625 0.17890625
0 0.4765625 0.70625 0.046875 0.15625
0 0.48828125 0.50078125 0.04765625 0.13046875
0 0.5125 0.6046875 0.02890625 0.14921875
0 0.58671875 0.459375 0.03671875 0.11953125
0 0.603125 0.39921875 0.0265625 0.1234375
0 0.84921875 0.4875 0.02421875 0.11953125
0 0.64140625 0.9046875 0.03203125 0.1765625