0 0.54765625 0.5828125 0.03203125 0.08671875
0 0.615625 0.709375 0.01796875 0.09296875
0 0.4140625 0.771875 0.01953125 0.09609375
0 0.434375 0.7828125 0.0203125 0.1015625
0 0.309375 0.925 0.0265625 0.09140625
0 0.63046875 0.684375 0.02265625 0.09296875
0 0.54296875 0.50703125 0.01875 0.0953125
0 0.6984375 0.90234375 0.0203125 0.11484375
0 0.721875 0.9109375 0.02890625 0.10625
0 0.74765625 0.925 0.028125 0.096875
0 0.84609375 0.1484375 0.01875 0.06953125
0 0.87265625 0.13203125 0.0140625 0.0703125
0 0.8859375 0.13359375 0.015625 0.0734375
0 0.8328125 0.146875 0.01328125 0.071875
0 0.5609375 0.19453125 0.01796875 0.0859375