0 0.14921875 0.1890625 0.025 0.075
0 0.1765625 0.19140625 0.0234375 0.071875
0 0.215625 0.5390625 0.028125 0.0828125
0 0.146875 0.53046875 0.0265625 0.0921875
0 0.06640625 0.90625 0.028125 0.0953125
0 0.15703125 0.63359375 0.025 0.0796875
0 0.23125 0.82265625 0.0328125 0.0953125
0 0.2703125 0.784375 0.028125 0.0921875
0 0.43359375 0.190625 0.0203125 0.065625
0 0.4734375 0.328125 0.021875 0.08125
0 0.58359375 0.378125 0.0203125 0.078125
0 0.55703125 0.72421875 0.0265625 0.0921875
0 0.52109375 0.503125 0.021875 0.078125
0 0.3171875 0.2 0.0171875 0.071875
0 0.49609375 0.5796875 0.021875 0.096875