0 0.36875 0.340625 0.03125 0.08125
0 0.32890625 0.2578125 0.021875 0.078125
0 0.34375 0.1578125 0.01875 0.0578125
0 0.30390625 0.10625 0.0203125 0.059375
0 0.3265625 0.1015625 0.015625 0.0578125
0 0.55 0.45859375 0.025 0.0796875
0 0.56953125 0.4640625 0.0203125 0.0671875
0 0.76328125 0.7828125 0.03125 0.096875
0 0.65703125 0.8140625 0.028125 0.084375
0 0.684375 0.8578125 0.0234375 0.0765625
0 0.61328125 0.58515625 0.021875 0.078125
0 0.6328125 0.575 0.0234375 0.078125
0 0.66015625 0.51953125 0.025 0.0765625
0 0.5828125 0.29140625 0.0203125 0.065625
0 0.59453125 0.240625 0.0171875 0.0640625
0 0.33203125 0.9328125 0.034375 0.090625
0 0.2703125 0.94140625 0.034375 0.0859375
0 0.2984375 0.5046875 0.0234375 0.075
0 0.71484375 0.8234375 0.025 0.0765625