0 0.56484375 0.5703125 0.05 0.0921875
0 0.659375 0.678125 0.0390625 0.0953125
0 0.47734375 0.784375 0.040625 0.0984375
0 0.5 0.790625 0.0421875 0.103125
0 0.409375 0.9546875 0.046875 0.090625
0 0.66875 0.65 0.04375 0.0953125
0 0.54375 0.496875 0.0390625 0.096875
0 0.78359375 0.84765625 0.0453125 0.1171875
0 0.80859375 0.85078125 0.0515625 0.109375
0 0.83671875 0.85859375 0.0484375 0.1
0 0.7578125 0.0796875 0.034375 0.071875
0 0.78046875 0.0578125 0.0296875 0.071875
0 0.79375 0.05625 0.03125 0.075
0 0.74453125 0.08125 0.0296875 0.0734375
0 0.490625 0.18828125 0.0375 0.0875