0 0.3453125 0.36328125 0.04375 0.0828125
0 0.29375 0.2875 0.0328125 0.078125
0 0.2921875 0.18671875 0.0265625 0.0578125
0 0.24453125 0.1421875 0.028125 0.059375
0 0.26640625 0.134375 0.025 0.0578125
0 0.54296875 0.4515625 0.0375 0.08125
0 0.56328125 0.45390625 0.03125 0.0671875
0 0.80390625 0.73828125 0.0453125 0.096875
0 0.7046875 0.7859375 0.0390625 0.0859375
0 0.73828125 0.82421875 0.034375 0.0765625
0 0.62578125 0.56640625 0.034375 0.078125
0 0.64296875 0.553125 0.034375 0.078125
0 0.6609375 0.49375 0.0359375 0.078125
0 0.54921875 0.28125 0.0296875 0.065625
0 0.55234375 0.22890625 0.0265625 0.0640625
0 0.4015625 0.953125 0.0484375 0.0921875
0 0.34140625 0.9640625 0.0453125 0.071875
0 0.3015625 0.5359375 0.034375 0.075
0 0.7625 0.78515625 0.0359375 0.078125