0 0.340625 0.6578125 0.03203125 0.096875
0 0.465625 0.35078125 0.0171875 0.07890625
0 0.6859375 0.75859375 0.02421875 0.0828125
0 0.71875 0.90390625 0.01953125 0.090625
0 0.11015625 0.69765625 0.0234375 0.0890625
0 0.13515625 0.653125 0.021875 0.0875
0 0.06015625 0.19921875 0.01796875 0.071875
0 0.80859375 0.10859375 0.015625 0.084375
0 0.78984375 0.19375 0.01171875 0.05625
0 0.51640625 0.22890625 0.0140625 0.0578125
0 0.5265625 0.22421875 0.01328125 0.05625
0 0.86015625 0.37421875 0.0203125 0.08125