0 0.3859375 0.328125 0.0234375 0.0796875
0 0.35546875 0.24140625 0.01328125 0.0765625
0 0.38046875 0.14375 0.0125 0.05625
0 0.34609375 0.08828125 0.0140625 0.0578125
0 0.36875 0.0859375 0.01015625 0.0578125
0 0.55390625 0.4640625 0.0171875 0.07890625
0 0.57265625 0.471875 0.0140625 0.06640625
0 0.73203125 0.80859375 0.021875 0.09453125
0 0.6234375 0.82890625 0.01875 0.08359375
0 0.64609375 0.875 0.015625 0.075
0 0.60390625 0.596875 0.0140625 0.07734375
0 0.62421875 0.58828125 0.015625 0.07734375
0 0.65703125 0.5359375 0.0171875 0.07578125
0 0.60390625 0.3015625 0.01328125 0.0640625
0 0.62109375 0.2515625 0.01015625 0.06328125
0 0.2875 0.9125 0.02578125 0.08828125
0 0.22578125 0.91484375 0.025 0.08359375
0 0.29921875 0.48359375 0.015625 0.0734375
0 0.6796875 0.84375 0.0171875 0.07578125