0 0.128125 0.2140625 0.01953125 0.0734375
0 0.15546875 0.21484375 0.01875 0.07109375
0 0.21875 0.55859375 0.021875 0.08203125
0 0.15 0.5546875 0.01953125 0.090625
0 0.09609375 0.93515625 0.021875 0.09375
0 0.1671875 0.65703125 0.0203125 0.078125
0 0.2546875 0.840625 0.02578125 0.09375
0 0.290625 0.8 0.021875 0.090625
0 0.4125 0.19609375 0.015625 0.06484375
0 0.46171875 0.33046875 0.015625 0.08046875
0 0.575 0.37265625 0.01484375 0.0765625
0 0.57265625 0.71953125 0.0203125 0.090625
0 0.52109375 0.5015625 0.0171875 0.07734375
0 0.296875 0.21328125 0.0125 0.07109375
0 0.5015625 0.5796875 0.01484375 0.09609375