0 0.1 0.2546875 0.0265625 0.075
0 0.12734375 0.25234375 0.0265625 0.0734375
0 0.2265625 0.5875 0.0296875 0.084375
0 0.1578125 0.590625 0.028125 0.0921875
0 0.14375 0.96328125 0.03125 0.0734375
0 0.18515625 0.690625 0.028125 0.0796875
0 0.29140625 0.8640625 0.0359375 0.0953125
0 0.3234375 0.8203125 0.03125 0.0921875
0 0.38125 0.20703125 0.021875 0.065625
0 0.44453125 0.33515625 0.0234375 0.08125
0 0.5609375 0.365625 0.0234375 0.078125
0 0.5953125 0.7109375 0.0296875 0.0921875
0 0.52109375 0.49921875 0.025 0.078125
0 0.26796875 0.2359375 0.0203125 0.071875
0 0.51015625 0.57890625 0.025 0.096875