0 0.55703125 0.5765625 0.0421875 0.090625
0 0.640625 0.69375 0.0296875 0.09375
0 0.44765625 0.78046875 0.03125 0.0984375
0 0.46953125 0.7890625 0.0328125 0.103125
0 0.3625 0.9453125 0.0375 0.09375
0 0.65234375 0.6671875 0.034375 0.0953125
0 0.54375 0.5015625 0.0296875 0.096875
0 0.74609375 0.875 0.034375 0.1171875
0 0.7703125 0.88046875 0.0421875 0.109375
0 0.79765625 0.89140625 0.0390625 0.1
0 0.80078125 0.10859375 0.0265625 0.071875
0 0.825 0.0890625 0.021875 0.071875
0 0.83828125 0.0890625 0.025 0.075
0 0.7875 0.10859375 0.021875 0.0734375
0 0.5234375 0.1890625 0.028125 0.0875