0 0.63515625 0.26328125 0.0203125 0.05078125
0 0.36796875 0.33359375 0.02421875 0.05625
0 0.68984375 0.3421875 0.02421875 0.05390625
0 0.31875 0.353125 0.02265625 0.0515625
0 0.29765625 0.36015625 0.02265625 0.0515625
0 0.05859375 0.4859375 0.01171875 0.05859375
0 0.0453125 0.4875 0.01796875 0.05625
0 0.24296875 0.50234375 0.01953125 0.0484375
0 0.709375 0.759375 0.01953125 0.05625
0 0.846875 0.775 0.0203125 0.05390625
0 0.58984375 0.93046875 0.0203125 0.0484375
0 0.9203125 0.1625 0.02265625 0.06015625