0 0.7453125 0.54765625 0.00859375 0.0109375
0 0.6453125 0.43984375 0.0125 0.0140625
0 0.609375 0.521875 0.009375 0.009375
0 0.553125 0.515625 0.00625 0.015625
0 0.45859375 0.51796875 0.0078125 0.0109375
0 0.3953125 0.47265625 0.009375 0.0109375
0 0.37734375 0.5921875 0.0109375 0.01171875
0 0.1265625 0.1984375 0.01171875 0.02265625
0 0.1546875 0.3453125 0.0125 0.015625
0 0.2 0.346875 0.01328125 0.01484375
0 0.146875 0.41015625 0.0125 0.0140625
0 0.19765625 0.484375 0.0078125 0.0125
0 0.2140625 0.5140625 0.009375 0.01015625