0 0.3375 0.64609375 0.01015625 0.0140625
0 0.3265625 0.57890625 0.01171875 0.0140625
0 0.96015625 0.7625 0.0140625 0.01875
0 0.83203125 0.625 0.0140625 0.01796875
0 0.7453125 0.61171875 0.00859375 0.0140625
0 0.8265625 0.51171875 0.00859375 0.0140625
0 0.9125 0.465625 0.009375 0.00859375
0 0.696875 0.4859375 0.01171875 0.01484375
0 0.6515625 0.50546875 0.00859375 0.0109375
0 0.734375 0.4171875 0.00703125 0.009375
0 0.6203125 0.3859375 0.009375 0.01328125
0 0.4734375 0.471875 0.009375 0.01484375
0 0.4421875 0.51875 0.01015625 0.01171875
0 0.41328125 0.425 0.0078125 0.01171875
0 0.40546875 0.40859375 0.0078125 0.0109375
0 0.3609375 0.4734375 0.009375 0.0125
0 0.30625 0.4296875 0.009375 0.015625
0 0.18125 0.44375 0.009375 0.01171875