0 0.8359375 0.5296875 0.01328125 0.01953125
0 0.89375 0.5546875 0.01328125 0.021875
0 0.9265625 0.5796875 0.01640625 0.02265625
0 0.9421875 0.61171875 0.0125 0.0203125
0 0.9765625 0.5890625 0.01328125 0.02109375
0 0.9890625 0.5546875 0.01171875 0.021875
0 0.9765625 0.55234375 0.01171875 0.0203125
0 0.59375 0.55625 0.01953125 0.021875
0 0.503125 0.57265625 0.01640625 0.0234375
0 0.4578125 0.565625 0.02109375 0.01953125
0 0.4140625 0.515625 0.0125 0.01875
0 0.40546875 0.50078125 0.0171875 0.0171875