0 0.009375 0.39453125 0.01171875 0.0203125
0 0.0875 0.59921875 0.009375 0.0109375
0 0.34609375 0.6296875 0.0109375 0.015625
0 0.40546875 0.39609375 0.0140625 0.0234375
0 0.821875 0.31484375 0.01328125 0.0203125
0 0.625 0.29375 0.01328125 0.02265625
0 0.553125 0.29453125 0.01484375 0.0203125
0 0.54765625 0.240625 0.0171875 0.025
0 0.60546875 0.4171875 0.0109375 0.02109375
0 0.7515625 0.4453125 0.01171875 0.01796875
0 0.4765625 0.42734375 0.0125 0.0140625
0 0.478125 0.4890625 0.0125 0.01875
0 0.509375 0.5953125 0.01015625 0.01484375
0 0.35625 0.753125 0.00625 0.0125
0 0.43203125 0.73125 0.0078125 0.0125
0 0.3609375 0.74375 0.00703125 0.0125