0 0.06015625 0.440625 0.0171875 0.021875
0 0.07890625 0.459375 0.0171875 0.02265625
0 0.02421875 0.428125 0.0171875 0.01796875
0 0.13046875 0.4859375 0.0140625 0.01953125
0 0.1421875 0.509375 0.01484375 0.01796875
0 0.1296875 0.509375 0.01171875 0.015625
0 0.1 0.50078125 0.015625 0.0171875
0 0.275 0.45546875 0.01484375 0.0203125
0 0.34453125 0.5328125 0.0109375 0.015625
0 0.465625 0.4953125 0.015625 0.01640625
0 0.5609375 0.45390625 0.015625 0.0203125
0 0.540625 0.5453125 0.01484375 0.01640625
0 0.59453125 0.54375 0.0140625 0.01875
0 0.6 0.46875 0.015625 0.02265625