0 0.3703125 0.3890625 0.01171875 0.025
0 0.5625 0.47265625 0.01328125 0.0234375
0 0.54375 0.44765625 0.01484375 0.0234375
0 0.515625 0.45 0.01484375 0.02265625
0 0.6453125 0.46875 0.01640625 0.02265625
0 0.64296875 0.40390625 0.0140625 0.0234375
0 0.728125 0.403125 0.01484375 0.02734375
0 0.8203125 0.35859375 0.01796875 0.0296875
0 0.884375 0.38125 0.0125 0.021875
0 0.940625 0.446875 0.01484375 0.025
0 0.4875 0.4328125 0.01875 0.02421875
0 0.49375 0.47578125 0.01171875 0.0234375
0 0.509375 0.47578125 0.01171875 0.0140625