0 0.275 0.5984375 0.0125 0.01484375
0 0.4875 0.603125 0.01328125 0.01640625
0 0.453125 0.8421875 0.009375 0.01171875
0 0.4484375 0.89921875 0.00859375 0.0140625
0 0.5828125 0.9140625 0.00859375 0.01171875
0 0.5859375 0.7328125 0.01015625 0.01796875
0 0.69140625 0.8109375 0.0078125 0.0125
0 0.70625 0.62734375 0.01015625 0.0171875
0 0.8296875 0.31875 0.01484375 0.02265625
0 0.5625 0.1484375 0.01875 0.02265625
0 0.5515625 0.5 0.0125 0.02109375
0 0.45390625 0.41875 0.0109375 0.02109375
0 0.1078125 0.6453125 0.015625 0.015625
0 0.0890625 0.8421875 0.01015625 0.0125