0 0.428125 0.62578125 0.01015625 0.0171875
0 0.51953125 0.68125 0.0171875 0.01640625
0 0.415625 0.69140625 0.015625 0.0203125
0 0.034375 0.7125 0.01640625 0.01640625
0 0.5171875 0.5734375 0.01015625 0.01484375
0 0.52578125 0.50234375 0.0078125 0.0140625
0 0.4875 0.4921875 0.01015625 0.01171875
0 0.134375 0.55 0.01171875 0.01171875
0 0.7546875 0.675 0.01171875 0.01484375
0 0.76953125 0.684375 0.0140625 0.015625
0 0.77890625 0.6046875 0.0109375 0.01171875
0 0.88046875 0.6359375 0.0109375 0.015625
0 0.703125 0.52734375 0.01015625 0.0140625
0 0.65 0.48046875 0.0125 0.0140625
0 0.7125 0.4859375 0.0125 0.01015625
0 0.753125 0.5046875 0.00859375 0.01015625
0 0.7765625 0.5328125 0.01015625 0.0125
0 0.8640625 0.4890625 0.01015625 0.01328125