0 0.42578125 0.9453125 0.0171875 0.025
0 0.85546875 0.8453125 0.0140625 0.01875
0 0.59375 0.653125 0.015625 0.01875
0 0.68984375 0.5578125 0.0078125 0.01015625
0 0.50390625 0.51328125 0.0109375 0.0140625
0 0.39140625 0.4890625 0.0109375 0.01484375
0 0.153125 0.54453125 0.01171875 0.0140625
0 0.1859375 0.4265625 0.00703125 0.0125
0 0.228125 0.3859375 0.01015625 0.01171875
0 0.5265625 0.346875 0.00546875 0.01015625
0 0.5921875 0.3984375 0.01328125 0.01171875
0 0.665625 0.396875 0.00703125 0.0125
0 0.709375 0.43125 0.00546875 0.01171875
0 0.52109375 0.2578125 0.0078125 0.009375
0 0.5390625 0.26015625 0.009375 0.0078125
0 0.55078125 0.2609375 0.0078125 0.00859375
0 0.56328125 0.259375 0.0078125 0.0125
0 0.4515625 0.24765625 0.00703125 0.0109375
0 0.7171875 0.30703125 0.00703125 0.0109375
0 0.7078125 0.30625 0.0125 0.01171875
0 0.50703125 0.28125 0.0078125 0.01171875
0 0.4828125 0.278125 0.00859375 0.01171875
0 0.496875 0.278125 0.00703125 0.009375
0 0.4078125 0.2640625 0.00703125 0.009375
0 0.38671875 0.2640625 0.0078125 0.00859375