0 0.71953125 0.51875 0.0078125 0.0125
0 0.615625 0.4828125 0.01171875 0.009375
0 0.54140625 0.5109375 0.0078125 0.0125
0 0.44609375 0.525 0.0078125 0.01484375
0 0.3640625 0.4921875 0.00859375 0.00859375
0 0.346875 0.4078125 0.01015625 0.01328125
0 0.309375 0.5421875 0.00546875 0.01015625
0 0.68828125 0.190625 0.0140625 0.01953125
0 0.2375 0.259375 0.015625 0.01640625
0 0.103125 0.3125 0.01015625 0.015625
0 0.0140625 0.4390625 0.00859375 0.0125
0 0.034375 0.3171875 0.0125 0.01640625
0 0.08046875 0.47109375 0.0109375 0.0140625
0 0.26640625 0.5 0.0078125 0.0125