0 0.4703125 0.5265625 0.00546875 0.009375
0 0.40625 0.51640625 0.00625 0.0109375
0 0.384375 0.5140625 0.01015625 0.01171875
0 0.3734375 0.50859375 0.00625 0.0078125
0 0.359375 0.5109375 0.00625 0.00859375
0 0.7671875 0.2234375 0.01328125 0.01796875
0 0.68515625 0.1140625 0.0171875 0.02265625
0 0.5796875 0.2671875 0.0125 0.01484375
0 0.55 0.2921875 0.01015625 0.01484375
0 0.37734375 0.278125 0.0140625 0.01640625
0 0.2703125 0.1140625 0.01328125 0.021875
0 0.20625 0.4625 0.00703125 0.009375
0 0.215625 0.46328125 0.01015625 0.0140625
0 0.2125 0.25078125 0.01171875 0.0140625