0 0.359375 0.1140625 0.01484375 0.02578125
0 0.5828125 0.29453125 0.01328125 0.0265625
0 0.5453125 0.32578125 0.01640625 0.0203125
0 0.01640625 0.36875 0.0140625 0.01875
0 0.68828125 0.4625 0.0109375 0.0125
0 0.6453125 0.4875 0.00859375 0.01484375
0 0.9078125 0.4953125 0.015625 0.01796875
0 0.615625 0.48046875 0.01328125 0.0171875
0 0.44453125 0.609375 0.0109375 0.0125
0 0.490625 0.715625 0.01171875 0.01171875
0 0.31875 0.58125 0.0125 0.01640625
0 0.2328125 0.621875 0.009375 0.01796875
0 0.1953125 0.68125 0.01015625 0.01484375
0 0.1125 0.73671875 0.01015625 0.0140625