0 0.75859375 0.45 0.0140625 0.01640625
0 0.746875 0.5984375 0.00859375 0.01328125
0 0.4609375 0.565625 0.01328125 0.01796875
0 0.5 0.696875 0.0125 0.01328125
0 0.5875 0.81875 0.00703125 0.00859375
0 0.3125 0.3125 0.0125 0.01796875
0 0.403125 0.534375 0.00859375 0.015625
0 0.3515625 0.5734375 0.009375 0.015625
0 0.26875 0.6296875 0.01171875 0.01328125
0 0.23671875 0.6265625 0.0109375 0.015625
0 0.2140625 0.596875 0.009375 0.0125
0 0.0640625 0.5375 0.0125 0.01640625
0 0.1 0.4421875 0.01328125 0.01640625
0 0.5875 0.059375 0.01328125 0.02265625