0 0.7640625 0.4390625 0.00859375 0.015625
0 0.61796875 0.39375 0.0109375 0.015625
0 0.7234375 0.4890625 0.00859375 0.01015625
0 0.6359375 0.49765625 0.00859375 0.0109375
0 0.8625 0.2109375 0.01484375 0.01875
0 0.4671875 0.22421875 0.01015625 0.0171875
0 0.3203125 0.2859375 0.01484375 0.015625
0 0.1609375 0.278125 0.01328125 0.015625
0 0.15234375 0.48125 0.0078125 0.0125
0 0.271875 0.48046875 0.00859375 0.0140625
0 0.4484375 0.4984375 0.00703125 0.0125
0 0.47734375 0.5578125 0.0078125 0.0125
0 0.5609375 0.5859375 0.00859375 0.01171875
0 0.6578125 0.53046875 0.01015625 0.0078125