0 0.95859375 0.49609375 0.0109375 0.0140625
0 0.79609375 0.415625 0.0140625 0.01953125
0 0.79375 0.5015625 0.00390625 0.00703125
0 0.61484375 0.4265625 0.0140625 0.015625
0 0.5296875 0.4265625 0.01640625 0.02109375
0 0.4671875 0.521875 0.00703125 0.01640625
0 0.3671875 0.45 0.0125 0.01640625
0 0.3765625 0.4171875 0.01171875 0.015625
0 0.2609375 0.409375 0.01015625 0.01953125
0 0.05625 0.4578125 0.00859375 0.01796875
0 0.1046875 0.45625 0.00859375 0.015625
0 0.1 0.51015625 0.01015625 0.0140625
0 0.5609375 0.5375 0.01171875 0.01640625
0 0.775 0.5625 0.01328125 0.01171875
0 0.2859375 0.5609375 0.0125 0.01640625
0 0.24375 0.546875 0.01328125 0.015625
0 0.240625 0.525 0.01015625 0.0125
0 0.3328125 0.571875 0.009375 0.01171875
0 0.5703125 0.584375 0.01640625 0.0125