0 0.565625 0.0515625 0.00625 0.009375
0 0.55 0.0515625 0.00703125 0.00859375
0 0.54140625 0.05 0.0078125 0.009375
0 0.525 0.0453125 0.00859375 0.01171875
0 0.45 0.0328125 0.00703125 0.01015625
0 0.1921875 0.2578125 0.01328125 0.015625
0 0.14609375 0.41640625 0.0140625 0.0171875
0 0.06328125 0.534375 0.0140625 0.01875
0 0.2890625 0.59765625 0.01875 0.0203125
0 0.2578125 0.334375 0.01484375 0.01875
0 0.384375 0.33984375 0.01328125 0.0171875
0 0.53203125 0.4515625 0.0109375 0.01875
0 0.6734375 0.9765625 0.01875 0.028125
0 0.50625 0.975 0.03203125 0.034375
0 0.128125 0.9734375 0.02734375 0.03125
0 0.8046875 0.284375 0.0125 0.015625
0 0.8375 0.63359375 0.015625 0.0296875
0 0.7203125 0.0953125 0.00859375 0.01171875
0 0.7109375 0.0984375 0.0125 0.009375