0 0.62265625 0.834375 0.0171875 0.02421875
0 0.59921875 0.6875 0.0140625 0.02109375
0 0.1140625 0.890625 0.01328125 0.02109375
0 0.234375 0.71484375 0.01328125 0.0171875
0 0.0890625 0.64609375 0.0125 0.0171875
0 0.92421875 0.68203125 0.0078125 0.0140625
0 0.66484375 0.5578125 0.0109375 0.01328125
0 0.609375 0.534375 0.01171875 0.01484375
0 0.590625 0.4671875 0.009375 0.01171875
0 0.56796875 0.4875 0.0078125 0.01171875
0 0.5140625 0.5859375 0.00703125 0.01484375
0 0.4984375 0.5375 0.00859375 0.01484375
0 0.48125 0.4578125 0.009375 0.015625
0 0.384375 0.525 0.015625 0.01875
0 0.04296875 0.56640625 0.0109375 0.0140625
0 0.27109375 0.4859375 0.0078125 0.01015625