0 0.04140625 0.49609375 0.0109375 0.0140625
0 0.20390625 0.415625 0.0140625 0.01953125
0 0.2046875 0.5015625 0.00390625 0.00703125
0 0.38671875 0.4265625 0.0140625 0.015625
0 0.46875 0.4265625 0.01640625 0.02109375
0 0.53125 0.521875 0.00703125 0.01640625
0 0.634375 0.45 0.0125 0.01640625
0 0.6234375 0.4171875 0.01171875 0.015625
0 0.7375 0.409375 0.01015625 0.01953125
0 0.9453125 0.4578125 0.00859375 0.01796875
0 0.896875 0.45625 0.00859375 0.015625
0 0.8984375 0.51015625 0.01015625 0.0140625
0 0.4390625 0.5375 0.01171875 0.01640625
0 0.2234375 0.5625 0.01328125 0.01171875
0 0.7140625 0.5609375 0.0125 0.01640625
0 0.75625 0.546875 0.01328125 0.015625
0 0.7578125 0.525 0.01015625 0.0125
0 0.6671875 0.571875 0.009375 0.01171875
0 0.4296875 0.584375 0.01640625 0.0125