0 0.6859375 0.65 0.0125 0.01484375
0 0.615625 0.63984375 0.009375 0.0140625
0 0.7 0.47421875 0.0125 0.0171875
0 0.93125 0.3234375 0.01484375 0.02265625
0 0.803125 0.234375 0.01953125 0.01796875
0 0.4890625 0.3859375 0.0125 0.01640625
0 0.4765625 0.490625 0.00859375 0.01328125
0 0.4515625 0.5796875 0.009375 0.01484375
0 0.075 0.31875 0.01640625 0.02109375
0 0.33125 0.515625 0.015625 0.015625
0 0.1703125 0.5875 0.009375 0.01328125
0 0.1546875 0.640625 0.009375 0.0125
0 0.13046875 0.70546875 0.0078125 0.0109375
0 0.10390625 0.7359375 0.0078125 0.0125
0 0.02421875 0.60625 0.0078125 0.015625