0 0.1890625 0.42734375 0.01328125 0.0203125
0 0.2375 0.5140625 0.01171875 0.015625
0 0.25078125 0.49375 0.0109375 0.01796875
0 0.36015625 0.528125 0.0109375 0.01171875
0 0.29375 0.44453125 0.009375 0.0140625
0 0.3015625 0.50625 0.01015625 0.01953125
0 0.2765625 0.50859375 0.0125 0.0171875
0 0.4640625 0.49609375 0.015625 0.0203125
0 0.58359375 0.45703125 0.0109375 0.0171875
0 0.721875 0.4234375 0.01171875 0.01875
0 0.7484375 0.43359375 0.01484375 0.0203125
0 0.7234375 0.5359375 0.01171875 0.01953125