0 0.53125 0.4734375 0.00546875 0.009375
0 0.5953125 0.48359375 0.00625 0.0109375
0 0.6140625 0.4875 0.01015625 0.01171875
0 0.628125 0.49140625 0.00625 0.0078125
0 0.640625 0.490625 0.00625 0.00859375
0 0.23125 0.778125 0.01328125 0.01796875
0 0.31640625 0.8859375 0.0171875 0.02265625
0 0.4203125 0.734375 0.0125 0.01484375
0 0.45 0.7078125 0.01015625 0.01484375
0 0.62265625 0.7203125 0.0140625 0.01640625
0 0.7296875 0.8875 0.01328125 0.021875
0 0.79375 0.5375 0.00703125 0.009375
0 0.7828125 0.53828125 0.01015625 0.0140625
0 0.7890625 0.74921875 0.01171875 0.0140625