0 0.53125 0.5265625 0.00546875 0.009375
0 0.5953125 0.51640625 0.00625 0.0109375
0 0.6140625 0.5140625 0.01015625 0.01171875
0 0.628125 0.50859375 0.00625 0.0078125
0 0.640625 0.5109375 0.00625 0.00859375
0 0.23125 0.2234375 0.01328125 0.01796875
0 0.31640625 0.1140625 0.0171875 0.02265625
0 0.4203125 0.2671875 0.0125 0.01484375
0 0.45 0.2921875 0.01015625 0.01484375
0 0.62265625 0.278125 0.0140625 0.01640625
0 0.7296875 0.1140625 0.01328125 0.021875
0 0.79375 0.4625 0.00703125 0.009375
0 0.7828125 0.46328125 0.01015625 0.0140625
0 0.7890625 0.25078125 0.01171875 0.0140625