0 0.734375 0.6078125 0.009375 0.015625
0 0.7203125 0.44921875 0.01015625 0.0140625
0 0.58125 0.403125 0.01328125 0.01640625
0 0.5953125 0.61640625 0.01015625 0.0140625
0 0.4453125 0.59609375 0.009375 0.0140625
0 0.41484375 0.51171875 0.0109375 0.0140625
0 0.42421875 0.48671875 0.0109375 0.0171875
0 0.1390625 0.3484375 0.01171875 0.01796875
0 0.2453125 0.58359375 0.0125 0.0140625
0 0.2328125 0.6203125 0.009375 0.01328125
0 0.2140625 0.69375 0.01015625 0.01171875
0 0.1734375 0.6453125 0.009375 0.01484375
0 0.02734375 0.6703125 0.0109375 0.01015625
0 0.021875 0.66640625 0.0125 0.0109375