0 0.8359375 0.4703125 0.01328125 0.01953125
0 0.89375 0.4453125 0.01328125 0.021875
0 0.9265625 0.4203125 0.01640625 0.02265625
0 0.9421875 0.38828125 0.0125 0.0203125
0 0.9765625 0.4125 0.01328125 0.02109375
0 0.9890625 0.4453125 0.01171875 0.021875
0 0.9765625 0.44921875 0.01171875 0.0203125
0 0.59375 0.4453125 0.01953125 0.021875
0 0.503125 0.42734375 0.01640625 0.0234375
0 0.4578125 0.434375 0.02109375 0.01953125
0 0.4140625 0.4859375 0.0125 0.01875
0 0.40546875 0.49921875 0.0171875 0.0171875