0 0.3140625 0.65 0.0125 0.01484375
0 0.384375 0.63984375 0.009375 0.0140625
0 0.3 0.47421875 0.0125 0.0171875
0 0.06875 0.3234375 0.01484375 0.02265625
0 0.1953125 0.234375 0.01953125 0.01796875
0 0.5125 0.3859375 0.0125 0.01640625
0 0.5234375 0.490625 0.00859375 0.01328125
0 0.55 0.5796875 0.009375 0.01484375
0 0.925 0.31875 0.01640625 0.02109375
0 0.66875 0.515625 0.015625 0.015625
0 0.8296875 0.5875 0.009375 0.01328125
0 0.846875 0.640625 0.009375 0.0125
0 0.86953125 0.70546875 0.0078125 0.0109375
0 0.89609375 0.7359375 0.0078125 0.0125
0 0.97734375 0.60625 0.0078125 0.015625