0 0.7640625 0.5625 0.00859375 0.015625
0 0.61796875 0.6078125 0.0109375 0.015625
0 0.7234375 0.5109375 0.00859375 0.01015625
0 0.6359375 0.50390625 0.00859375 0.0109375
0 0.8625 0.790625 0.01484375 0.01875
0 0.4671875 0.77734375 0.01015625 0.0171875
0 0.3203125 0.7140625 0.01484375 0.015625
0 0.1609375 0.721875 0.01328125 0.015625
0 0.15234375 0.5203125 0.0078125 0.0125
0 0.271875 0.52109375 0.00859375 0.0140625
0 0.4484375 0.5015625 0.00703125 0.0125
0 0.47734375 0.4421875 0.0078125 0.0125
0 0.5609375 0.415625 0.00859375 0.01171875
0 0.6578125 0.47109375 0.01015625 0.0078125