0 0.3625 0.55625 0.00859375 0.01328125
0 0.3546875 0.484375 0.009375 0.01328125
0 0.4359375 0.4234375 0.01015625 0.01484375
0 0.84375 0.45 0.009375 0.01328125
0 0.95625 0.53984375 0.009375 0.0109375
0 0.98359375 0.540625 0.0109375 0.01171875
0 0.8390625 0.425 0.01015625 0.01328125
0 0.8078125 0.4296875 0.01015625 0.015625
0 0.825 0.5109375 0.009375 0.01171875
0 0.8203125 0.54375 0.009375 0.0125
0 0.8015625 0.609375 0.00859375 0.0125
0 0.690625 0.5265625 0.00703125 0.01328125
0 0.61875 0.5234375 0.009375 0.01171875
0 0.5734375 0.56484375 0.009375 0.0109375