0 0.28046875 0.51875 0.0078125 0.0125
0 0.384375 0.4828125 0.01171875 0.009375
0 0.45859375 0.5109375 0.0078125 0.0125
0 0.55390625 0.525 0.0078125 0.01484375
0 0.6359375 0.4921875 0.00859375 0.00859375
0 0.653125 0.4078125 0.01015625 0.01328125
0 0.6921875 0.5421875 0.00546875 0.01015625
0 0.31171875 0.190625 0.0140625 0.01953125
0 0.7625 0.259375 0.015625 0.01640625
0 0.896875 0.3125 0.01015625 0.015625
0 0.9859375 0.4390625 0.00859375 0.0125
0 0.965625 0.3171875 0.0125 0.01640625
0 0.91953125 0.47109375 0.0109375 0.0140625
0 0.73515625 0.5 0.0078125 0.0125