0 0.203125 0.57734375 0.02265625 0.0296875
0 0.06171875 0.7734375 0.0140625 0.01640625
0 0.02421875 0.79921875 0.0140625 0.0171875
0 0.134375 0.31484375 0.028125 0.0296875
0 0.628125 0.3984375 0.01875 0.03828125
0 0.4 0.6515625 0.01484375 0.02421875
0 0.409375 0.79140625 0.01484375 0.0171875
0 0.4578125 0.7953125 0.0125 0.01875
0 0.4859375 0.7640625 0.01328125 0.02109375
0 0.4984375 0.7875 0.015625 0.01953125
0 0.70625 0.64140625 0.01484375 0.0265625
0 0.8484375 0.65546875 0.01484375 0.0234375
0 0.896875 0.7046875 0.015625 0.021875