0 0.6578125 0.7828125 0.0125 0.01484375
0 0.640625 0.6390625 0.00859375 0.0125
0 0.734375 0.5953125 0.00859375 0.01328125
0 0.6796875 0.565625 0.00625 0.00859375
0 0.64296875 0.578125 0.0078125 0.01171875
0 0.5484375 0.5703125 0.00859375 0.01015625
0 0.45703125 0.5359375 0.0078125 0.01015625
0 0.42265625 0.5171875 0.0078125 0.01015625
0 0.190625 0.66875 0.01015625 0.01171875
0 0.26796875 0.6984375 0.0078125 0.0125
0 0.25625 0.5578125 0.00703125 0.01171875
0 0.2328125 0.534375 0.00859375 0.01015625
0 0.253125 0.5015625 0.00546875 0.00859375