0 0.040625 0.5578125 0.009375 0.015625
0 0.2546875 0.56015625 0.00859375 0.0140625
0 0.31015625 0.6359375 0.0078125 0.0125
0 0.3421875 0.8109375 0.01328125 0.01796875
0 0.49375 0.66484375 0.009375 0.0140625
0 0.5140625 0.565625 0.009375 0.01171875
0 0.44609375 0.5171875 0.0078125 0.009375
0 0.4921875 0.4859375 0.00859375 0.01328125
0 0.68203125 0.50078125 0.0078125 0.0140625
0 0.68203125 0.5515625 0.0078125 0.01484375
0 0.6734375 0.64453125 0.009375 0.0140625
0 0.784375 0.60703125 0.01015625 0.0140625
0 0.765625 0.5359375 0.00859375 0.01171875
0 0.7140625 0.5296875 0.00859375 0.0125
0 0.97421875 0.93515625 0.0171875 0.0203125