0 0.9046875 0.284375 0.00546875 0.009375
0 0.86015625 0.36875 0.0078125 0.01171875
0 0.890625 0.396875 0.009375 0.0125
0 0.91953125 0.65625 0.0140625 0.01953125
0 0.68359375 0.48203125 0.0109375 0.0140625
0 0.61875 0.4078125 0.01015625 0.0125
0 0.5390625 0.5171875 0.00859375 0.01328125
0 0.2171875 0.753125 0.021875 0.021875
0 0.14375 0.7 0.015625 0.02109375
0 0.01875 0.48125 0.01171875 0.015625
0 0.3109375 0.540625 0.01171875 0.01640625
0 0.3296875 0.34765625 0.009375 0.0140625
0 0.49375 0.5921875 0.00859375 0.01640625