0 0.94140625 0.440625 0.0171875 0.021875
0 0.92265625 0.459375 0.0171875 0.02265625
0 0.97734375 0.428125 0.0171875 0.01796875
0 0.86953125 0.4859375 0.0140625 0.01953125
0 0.8578125 0.509375 0.01484375 0.01796875
0 0.871875 0.509375 0.01171875 0.015625
0 0.9 0.50078125 0.015625 0.0171875
0 0.7265625 0.45546875 0.01484375 0.0203125
0 0.65546875 0.5328125 0.0109375 0.015625
0 0.534375 0.4953125 0.015625 0.01640625
0 0.4390625 0.45390625 0.015625 0.0203125
0 0.459375 0.5453125 0.01484375 0.01640625
0 0.40703125 0.54375 0.0140625 0.01875
0 0.4 0.46875 0.015625 0.02265625