0 0.7265625 0.4015625 0.0125 0.01484375
0 0.5125 0.396875 0.01328125 0.01640625
0 0.5484375 0.159375 0.009375 0.01171875
0 0.5515625 0.10234375 0.00859375 0.0140625
0 0.4171875 0.0875 0.00859375 0.01171875
0 0.4140625 0.26875 0.01015625 0.01796875
0 0.31015625 0.190625 0.0078125 0.0125
0 0.29375 0.37421875 0.01015625 0.0171875
0 0.1703125 0.68125 0.01484375 0.02265625
0 0.4375 0.8515625 0.01875 0.02265625
0 0.45 0.5015625 0.0125 0.02109375
0 0.54609375 0.58125 0.0109375 0.02109375
0 0.8921875 0.3546875 0.015625 0.015625
0 0.909375 0.1578125 0.01015625 0.0125