0 0.37890625 0.165625 0.0171875 0.02421875
0 0.40078125 0.3140625 0.0140625 0.02109375
0 0.8859375 0.1109375 0.01328125 0.02109375
0 0.7640625 0.28515625 0.01328125 0.0171875
0 0.9125 0.35390625 0.0125 0.0171875
0 0.07578125 0.31796875 0.0078125 0.0140625
0 0.33671875 0.440625 0.0109375 0.01328125
0 0.3921875 0.4671875 0.01171875 0.01484375
0 0.409375 0.534375 0.009375 0.01171875
0 0.43203125 0.5125 0.0078125 0.01171875
0 0.484375 0.4140625 0.00703125 0.01484375
0 0.503125 0.4625 0.00859375 0.01484375
0 0.51875 0.54375 0.009375 0.015625
0 0.615625 0.475 0.015625 0.01875
0 0.95859375 0.43515625 0.0109375 0.0140625
0 0.73046875 0.5125 0.0078125 0.01015625