0 0.34375 0.21875 0.0125 0.01484375
0 0.359375 0.3609375 0.00859375 0.0125
0 0.265625 0.4046875 0.00859375 0.01328125
0 0.3203125 0.4359375 0.00625 0.00859375
0 0.35859375 0.4234375 0.0078125 0.01171875
0 0.4515625 0.4296875 0.00859375 0.01015625
0 0.54453125 0.4640625 0.0078125 0.01015625
0 0.57890625 0.4828125 0.0078125 0.01015625
0 0.809375 0.33125 0.01015625 0.01171875
0 0.73359375 0.3015625 0.0078125 0.0125
0 0.7421875 0.44375 0.00703125 0.01171875
0 0.7671875 0.465625 0.00859375 0.01015625
0 0.7484375 0.4984375 0.00546875 0.00859375