0 0.52109375 0.3875 0.0109375 0.01796875
0 0.734375 0.3921875 0.01484375 0.01640625
0 0.53125 0.13125 0.00859375 0.01015625
0 0.525 0.175 0.00859375 0.01640625
0 0.36875 0.09453125 0.00703125 0.0140625
0 0.32421875 0.35625 0.0109375 0.021875
0 0.01953125 0.19921875 0.0109375 0.0171875
0 0.0921875 0.4203125 0.01171875 0.01953125
0 0.16875 0.3796875 0.0125 0.01875
0 0.28046875 0.371875 0.0109375 0.02109375
0 0.2296875 0.46875 0.01328125 0.01796875
0 0.45546875 0.67109375 0.0171875 0.0234375
0 0.9109375 0.1625 0.0125 0.02109375
0 0.91875 0.39375 0.01484375 0.01875