0 0.9046875 0.715625 0.00546875 0.009375
0 0.86015625 0.6328125 0.0078125 0.01171875
0 0.890625 0.603125 0.009375 0.0125
0 0.91953125 0.34375 0.0140625 0.01953125
0 0.68359375 0.51953125 0.0109375 0.0140625
0 0.61875 0.59375 0.01015625 0.0125
0 0.5390625 0.4828125 0.00859375 0.01328125
0 0.2171875 0.246875 0.021875 0.021875
0 0.14375 0.3 0.015625 0.02109375
0 0.01875 0.51875 0.01171875 0.015625
0 0.3109375 0.4578125 0.01171875 0.01640625
0 0.3296875 0.65234375 0.009375 0.0140625
0 0.49375 0.40625 0.00859375 0.01640625