0 0.60625 0.42734375 0.01484375 0.0203125
0 0.7234375 0.5234375 0.0125 0.01484375
0 0.71015625 0.45625 0.0109375 0.01484375
0 0.715625 0.37578125 0.0125 0.0203125
0 0.74296875 0.3921875 0.0140625 0.02265625
0 0.3578125 0.4 0.01328125 0.01875
0 0.4015625 0.4515625 0.0125 0.01875
0 0.35390625 0.4859375 0.0109375 0.01640625
0 0.31875 0.471875 0.01171875 0.01484375
0 0.209375 0.40078125 0.01328125 0.0171875
0 0.271875 0.45625 0.009375 0.01640625
0 0.2609375 0.4640625 0.0125 0.01796875
0 0.2265625 0.459375 0.01015625 0.01796875
0 0.19375 0.39375 0.01484375 0.01875