0 0.0296875 0.22890625 0.015625 0.0171875
0 0.1109375 0.5671875 0.0125 0.01484375
0 0.3453125 0.37734375 0.01484375 0.0203125
0 0.5453125 0.134375 0.01640625 0.02265625
0 0.6046875 0.39921875 0.01484375 0.0171875
0 0.390625 0.634375 0.01015625 0.015625
0 0.48359375 0.7328125 0.0078125 0.009375
0 0.6125 0.56640625 0.0125 0.0171875
0 0.628125 0.64375 0.0125 0.01328125
0 0.83984375 0.5453125 0.0109375 0.01484375
0 0.8203125 0.378125 0.0125 0.01328125
0 0.9484375 0.43125 0.0125 0.01796875
0 0.9921875 0.4296875 0.015625 0.015625
0 0.9796875 0.5984375 0.00859375 0.01328125