0 0.66328125 0.103125 0.0234375 0.028125
0 0.740625 0.4390625 0.0125 0.021875
0 0.915625 0.5203125 0.015625 0.02109375
0 0.95234375 0.575 0.0109375 0.01640625
0 0.7578125 0.60703125 0.01171875 0.0171875
0 0.8203125 0.68125 0.00703125 0.009375
0 0.90625 0.7375 0.009375 0.01328125
0 0.6296875 0.63125 0.009375 0.01640625
0 0.55234375 0.45 0.0140625 0.01875
0 0.5046875 0.715625 0.009375 0.01328125
0 0.39609375 0.509375 0.0109375 0.01640625
0 0.38515625 0.4953125 0.0109375 0.015625
0 0.2484375 0.4140625 0.01015625 0.02578125
0 0.1125 0.60234375 0.0125 0.0171875
0 0.02265625 0.4890625 0.0109375 0.01171875