0 0.8078125 0.1171875 0.01171875 0.021875
0 0.89140625 0.3796875 0.0109375 0.01171875
0 0.66328125 0.36015625 0.0109375 0.0171875
0 0.725 0.4125 0.01015625 0.01484375
0 0.48984375 0.4015625 0.0109375 0.01640625
0 0.50703125 0.453125 0.0078125 0.01171875
0 0.35234375 0.4171875 0.0109375 0.01640625
0 0.2578125 0.4078125 0.01015625 0.0125
0 0.428125 0.1984375 0.015625 0.02265625
0 0.4 0.0328125 0.015625 0.02890625
0 0.115625 0.15625 0.01640625 0.02890625
0 0.00703125 0.30859375 0.0140625 0.0234375
0 0.28125 0.5375 0.01015625 0.0125
0 0.290625 0.53828125 0.00859375 0.0140625
0 0.4359375 0.5828125 0.00703125 0.00859375
0 0.45 0.5828125 0.00859375 0.0125
0 0.46171875 0.5859375 0.0109375 0.01328125
0 0.48046875 0.5890625 0.0078125 0.01015625
0 0.49375 0.5640625 0.009375 0.0125
0 0.5015625 0.5671875 0.01015625 0.015625
0 0.51484375 0.56640625 0.0078125 0.0109375
0 0.5484375 0.5984375 0.00234375 0.00546875
0 0.590625 0.58125 0.00625 0.009375
0 0.609375 0.5796875 0.00703125 0.0125