0 0.9921875 0.39453125 0.01171875 0.0203125
0 0.9125 0.59921875 0.009375 0.0109375
0 0.65546875 0.6296875 0.0109375 0.015625
0 0.59609375 0.39609375 0.0140625 0.0234375
0 0.178125 0.31484375 0.01328125 0.0203125
0 0.375 0.29375 0.01328125 0.02265625
0 0.4484375 0.29453125 0.01484375 0.0203125
0 0.45234375 0.240625 0.0171875 0.025
0 0.39609375 0.4171875 0.0109375 0.02109375
0 0.25 0.4453125 0.01171875 0.01796875
0 0.5234375 0.42734375 0.0125 0.0140625
0 0.521875 0.4890625 0.0125 0.01875
0 0.4890625 0.5953125 0.01015625 0.01484375
0 0.6453125 0.753125 0.00625 0.0125
0 0.56796875 0.73125 0.0078125 0.0125
0 0.6390625 0.74375 0.00703125 0.0125