0 0.24140625 0.5484375 0.0140625 0.01640625
0 0.253125 0.4 0.00859375 0.01328125
0 0.5375 0.4359375 0.01328125 0.01796875
0 0.5 0.3015625 0.0125 0.01328125
0 0.4109375 0.1828125 0.00703125 0.00859375
0 0.6890625 0.6875 0.0125 0.01796875
0 0.596875 0.465625 0.00859375 0.015625
0 0.65 0.428125 0.009375 0.015625
0 0.7328125 0.3703125 0.01171875 0.01328125
0 0.76328125 0.375 0.0109375 0.015625
0 0.7859375 0.4046875 0.009375 0.0125
0 0.9375 0.4625 0.0125 0.01640625
0 0.8984375 0.5578125 0.01328125 0.01640625
0 0.4125 0.9390625 0.01328125 0.02265625