0 0.48984375 0.41328125 0.0453125 0.0578125
0 0.265625 0.484375 0.04296875 0.05625
0 0.1625 0.46328125 0.040625 0.0609375
0 0.221875 0.49765625 0.02265625 0.0390625
0 0.7421875 0.48828125 0.01484375 0.0203125
0 0.7265625 0.49609375 0.01171875 0.0140625
0 0.696875 0.4984375 0.01015625 0.015625
0 0.6671875 0.503125 0.01015625 0.015625
0 0.6578125 0.503125 0.01015625 0.01796875
0 0.6484375 0.5046875 0.01328125 0.01875
0 0.6203125 0.5 0.01171875 0.0125
0 0.584375 0.509375 0.01328125 0.01875
0 0.55546875 0.5046875 0.0140625 0.01796875