0 0.2609375 0.3859375 0.01875 0.028125
0 0.375 0.4125 0.021875 0.034375
0 0.31875 0.5265625 0.01484375 0.025
0 0.1421875 0.596875 0.01796875 0.02421875
0 0.02578125 0.5453125 0.0140625 0.01875
0 0.428125 0.6828125 0.0125 0.01640625
0 0.384375 0.7109375 0.0125 0.01875
0 0.4265625 0.65625 0.009375 0.01875
0 0.615625 0.653125 0.01015625 0.021875
0 0.6234375 0.525 0.01328125 0.02109375
0 0.57734375 0.3484375 0.0203125 0.02578125
0 0.71875 0.6421875 0.015625 0.015625
0 0.79296875 0.509375 0.0078125 0.025
0 0.9375 0.5 0.02109375 0.02734375
0 0.8296875 0.33671875 0.02109375 0.0359375