0 0.12421875 0.4453125 0.0203125 0.021875
0 0.0484375 0.64375 0.009375 0.01328125
0 0.0390625 0.65703125 0.009375 0.0140625
0 0.1609375 0.6078125 0.01484375 0.01875
0 0.2640625 0.6125 0.0125 0.01796875
0 0.271875 0.54375 0.01328125 0.01640625
0 0.284375 0.640625 0.009375 0.01484375
0 0.353125 0.6671875 0.01015625 0.01953125
0 0.403125 0.56875 0.01328125 0.01875
0 0.45 0.72578125 0.01015625 0.0109375
0 0.503125 0.74140625 0.009375 0.0109375
0 0.9890625 0.65625 0.01171875 0.01640625
0 0.865625 0.740625 0.00703125 0.009375
0 0.80078125 0.678125 0.0109375 0.01328125
0 0.66015625 0.45625 0.0140625 0.021875
0 0.6625 0.38515625 0.01875 0.0234375
0 0.5859375 0.6484375 0.00859375 0.01171875
0 0.65625 0.7015625 0.01015625 0.01171875