0 0.80234375 0.3953125 0.0109375 0.02109375
0 0.8265625 0.396875 0.01328125 0.02421875
0 0.8421875 0.384375 0.01171875 0.02265625
0 0.68984375 0.45 0.0140625 0.02109375
0 0.6703125 0.4578125 0.01328125 0.01796875
0 0.6578125 0.4453125 0.0125 0.01953125
0 0.5875 0.4703125 0.0125 0.01796875
0 0.46640625 0.4578125 0.0140625 0.01796875
0 0.38125 0.459375 0.015625 0.021875
0 0.634375 0.478125 0.01171875 0.01640625
0 0.64609375 0.4734375 0.0109375 0.01640625
0 0.15 0.2734375 0.01875 0.02734375
0 0.125 0.3234375 0.015625 0.02734375
0 0.07734375 0.2796875 0.0171875 0.02734375
0 0.0703125 0.4375 0.0125 0.021875