0 0.87578125 0.5546875 0.0203125 0.021875
0 0.9515625 0.3546875 0.009375 0.01328125
0 0.9625 0.34296875 0.009375 0.0140625
0 0.840625 0.3921875 0.01484375 0.01875
0 0.7359375 0.3890625 0.0125 0.01796875
0 0.7265625 0.4546875 0.01328125 0.01640625
0 0.7171875 0.3609375 0.009375 0.01484375
0 0.646875 0.33125 0.01015625 0.01953125
0 0.596875 0.43125 0.01328125 0.01875
0 0.5484375 0.27421875 0.01015625 0.0109375
0 0.4984375 0.26015625 0.009375 0.0109375
0 0.0109375 0.34375 0.01171875 0.01640625
0 0.1328125 0.2609375 0.00703125 0.009375
0 0.20078125 0.3203125 0.0109375 0.01328125
0 0.33984375 0.5453125 0.0140625 0.021875
0 0.3375 0.61484375 0.01875 0.0234375
0 0.4140625 0.353125 0.00859375 0.01171875
0 0.34375 0.3 0.01015625 0.01171875