0 0.41953125 0.646875 0.0140625 0.01953125
0 0.553125 0.5953125 0.0125 0.01875
0 0.57109375 0.40625 0.0109375 0.01328125
0 0.675 0.471875 0.01328125 0.01484375
0 0.43828125 0.390625 0.0109375 0.015625
0 0.31953125 0.5484375 0.0140625 0.01875
0 0.30625 0.575 0.009375 0.01640625
0 0.21640625 0.5703125 0.0171875 0.021875
0 0.2265625 0.515625 0.01171875 0.01796875
0 0.225 0.4109375 0.00859375 0.01640625
0 0.7765625 0.73125 0.01484375 0.021875
0 0.5609375 0.85625 0.01640625 0.02421875
0 0.965625 0.928125 0.02109375 0.025
0 0.7203125 0.30390625 0.009375 0.0109375
0 0.7078125 0.303125 0.01015625 0.01328125
0 0.97265625 0.5703125 0.0140625 0.01796875