0 0.265625 0.2953125 0.00703125 0.01171875
0 0.2546875 0.3109375 0.00625 0.01171875
0 0.2515625 0.340625 0.00703125 0.015625
0 0.2 0.3328125 0.00859375 0.01015625
0 0.15078125 0.3546875 0.0078125 0.01171875
0 0.075 0.4484375 0.0125 0.01484375
0 0.0953125 0.58046875 0.0125 0.0203125
0 0.4640625 0.35625 0.009375 0.01171875
0 0.4859375 0.353125 0.009375 0.01171875
0 0.384375 0.3 0.00703125 0.00859375
0 0.490625 0.3 0.00625 0.01015625
0 0.63125 0.534375 0.01328125 0.021875
0 0.60390625 0.5015625 0.0140625 0.01796875
0 0.6359375 0.440625 0.009375 0.01484375
0 0.6515625 0.39453125 0.00859375 0.0140625
0 0.76796875 0.3921875 0.0078125 0.009375
0 0.9265625 0.39375 0.01015625 0.01484375
0 0.915625 0.55703125 0.0125 0.0171875
0 0.9359375 0.40625 0.009375 0.015625