0 0.8984375 0.63984375 0.01484375 0.0234375
0 0.809375 0.64765625 0.01796875 0.0203125
0 0.71484375 0.56875 0.0140625 0.01953125
0 0.65703125 0.5234375 0.0140625 0.025
0 0.51015625 0.59609375 0.0140625 0.0203125
0 0.384375 0.63359375 0.01171875 0.0234375
0 0.32890625 0.4140625 0.0109375 0.02109375
0 0.23515625 0.4328125 0.0140625 0.025
0 0.140625 0.5875 0.01484375 0.025
0 0.059375 0.5890625 0.01640625 0.02265625
0 0.278125 0.721875 0.01171875 0.015625
0 0.6234375 0.7390625 0.0125 0.015625
0 0.5765625 0.71328125 0.01171875 0.0203125
0 0.51640625 0.721875 0.0140625 0.021875