0 0.6296875 0.75625 0.0125 0.01953125
0 0.6578125 0.784375 0.01015625 0.015625
0 0.3453125 0.671875 0.01171875 0.01640625
0 0.3015625 0.6796875 0.01015625 0.01640625
0 0.87734375 0.48515625 0.0078125 0.0140625
0 0.6375 0.440625 0.01015625 0.01015625
0 0.521875 0.4609375 0.00703125 0.0125
0 0.4625 0.5578125 0.00859375 0.01328125
0 0.5 0.421875 0.009375 0.01171875
0 0.37421875 0.4578125 0.0109375 0.01171875
0 0.39375 0.39921875 0.00703125 0.0109375
0 0.3296875 0.4609375 0.00859375 0.01171875
0 0.40859375 0.440625 0.0046875 0.009375