0 0.734375 0.3921875 0.009375 0.015625
0 0.7203125 0.55078125 0.01015625 0.0140625
0 0.58125 0.596875 0.01328125 0.01640625
0 0.5953125 0.38515625 0.01015625 0.0140625
0 0.4453125 0.40390625 0.009375 0.0140625
0 0.41484375 0.48828125 0.0109375 0.0140625
0 0.42421875 0.51328125 0.0109375 0.0171875
0 0.1390625 0.653125 0.01171875 0.01796875
0 0.2453125 0.41796875 0.0125 0.0140625
0 0.2328125 0.3796875 0.009375 0.01328125
0 0.2140625 0.30625 0.01015625 0.01171875
0 0.1734375 0.3546875 0.009375 0.01484375
0 0.02734375 0.328125 0.0109375 0.01015625
0 0.021875 0.33359375 0.0125 0.0109375