0 0.265625 0.7046875 0.00703125 0.01171875
0 0.2546875 0.6890625 0.00625 0.01171875
0 0.2515625 0.659375 0.00703125 0.015625
0 0.2 0.6671875 0.00859375 0.01015625
0 0.15078125 0.646875 0.0078125 0.01171875
0 0.075 0.5515625 0.0125 0.01484375
0 0.0953125 0.42109375 0.0125 0.0203125
0 0.4640625 0.64375 0.009375 0.01171875
0 0.4859375 0.646875 0.009375 0.01171875
0 0.384375 0.7015625 0.00703125 0.00859375
0 0.490625 0.6984375 0.00625 0.01015625
0 0.63125 0.4671875 0.01328125 0.021875
0 0.60390625 0.5 0.0140625 0.01796875
0 0.6359375 0.5609375 0.009375 0.01484375
0 0.6515625 0.60703125 0.00859375 0.0140625
0 0.76796875 0.6078125 0.0078125 0.009375
0 0.9265625 0.60625 0.01015625 0.01484375
0 0.915625 0.44453125 0.0125 0.0171875
0 0.9359375 0.59375 0.009375 0.015625