0 0.42578125 0.05625 0.0171875 0.025
0 0.85546875 0.1546875 0.0140625 0.01875
0 0.59375 0.346875 0.015625 0.01875
0 0.68984375 0.4421875 0.0078125 0.01015625
0 0.50390625 0.48828125 0.0109375 0.0140625
0 0.39140625 0.5125 0.0109375 0.01484375
0 0.153125 0.45546875 0.01171875 0.0140625
0 0.1859375 0.5734375 0.00703125 0.0125
0 0.228125 0.6140625 0.01015625 0.01171875
0 0.5265625 0.653125 0.00546875 0.01015625
0 0.5921875 0.603125 0.01328125 0.01171875
0 0.665625 0.6046875 0.00703125 0.0125
0 0.709375 0.56875 0.00546875 0.01171875
0 0.52109375 0.74375 0.0078125 0.009375
0 0.5390625 0.74140625 0.009375 0.0078125
0 0.55078125 0.7390625 0.0078125 0.00859375
0 0.56328125 0.740625 0.0078125 0.0125
0 0.4515625 0.75390625 0.00703125 0.0109375
0 0.7171875 0.69453125 0.00703125 0.0109375
0 0.7078125 0.6953125 0.0125 0.01171875
0 0.50703125 0.71875 0.0078125 0.01171875
0 0.4828125 0.7234375 0.00859375 0.01171875
0 0.496875 0.7234375 0.00703125 0.009375
0 0.4078125 0.7359375 0.00703125 0.009375
0 0.38671875 0.7359375 0.0078125 0.00859375