0 0.6296875 0.6125 0.01171875 0.025
0 0.4375 0.52890625 0.01328125 0.0234375
0 0.45625 0.55390625 0.01484375 0.0234375
0 0.484375 0.55 0.01484375 0.02265625
0 0.353125 0.5296875 0.01640625 0.02265625
0 0.35859375 0.59609375 0.0140625 0.0234375
0 0.271875 0.5984375 0.01484375 0.02734375
0 0.18125 0.64140625 0.01796875 0.0296875
0 0.1171875 0.6203125 0.0125 0.021875
0 0.0609375 0.5546875 0.01484375 0.025
0 0.5140625 0.5671875 0.01875 0.02421875
0 0.50625 0.52578125 0.01171875 0.0234375
0 0.4921875 0.52421875 0.01171875 0.0140625