0 0.896875 0.196875 0.01640625 0.01796875
0 0.8671875 0.2375 0.01484375 0.01875
0 0.8421875 0.1640625 0.01015625 0.01875
0 0.8078125 0.228125 0.0125 0.02109375
0 0.84765625 0.315625 0.0109375 0.01328125
0 0.7703125 0.38046875 0.01484375 0.0234375
0 0.6765625 0.465625 0.01640625 0.025
0 0.56015625 0.3140625 0.0171875 0.02265625
0 0.365625 0.2765625 0.015625 0.01953125
0 0.26875 0.19375 0.01171875 0.01875
0 0.1984375 0.2484375 0.0125 0.01484375
0 0.090625 0.4140625 0.015625 0.02265625
0 0.2875 0.7234375 0.021875 0.034375
0 0.4 0.59921875 0.02421875 0.0359375