0 0.94140625 0.5609375 0.0171875 0.021875
0 0.92265625 0.5390625 0.0171875 0.02265625
0 0.97734375 0.571875 0.0171875 0.01796875
0 0.86953125 0.5125 0.0140625 0.01953125
0 0.8578125 0.490625 0.01484375 0.01796875
0 0.871875 0.490625 0.01171875 0.015625
0 0.9 0.49921875 0.015625 0.0171875
0 0.7265625 0.54609375 0.01484375 0.0203125
0 0.65546875 0.46875 0.0109375 0.015625
0 0.534375 0.503125 0.015625 0.01640625
0 0.4390625 0.54765625 0.015625 0.0203125
0 0.459375 0.4546875 0.01484375 0.01640625
0 0.40703125 0.4578125 0.0140625 0.01875
0 0.4 0.53125 0.015625 0.02265625