0 0.959375 0.5578125 0.009375 0.015625
0 0.7453125 0.56015625 0.00859375 0.0140625
0 0.69140625 0.6359375 0.0078125 0.0125
0 0.65625 0.8109375 0.01328125 0.01796875
0 0.5078125 0.66484375 0.009375 0.0140625
0 0.4875 0.565625 0.009375 0.01171875
0 0.55390625 0.5171875 0.0078125 0.009375
0 0.509375 0.4859375 0.00859375 0.01328125
0 0.31953125 0.50078125 0.0078125 0.0140625
0 0.31953125 0.5515625 0.0078125 0.01484375
0 0.3265625 0.64453125 0.009375 0.0140625
0 0.2140625 0.60703125 0.01015625 0.0140625
0 0.234375 0.5359375 0.00859375 0.01171875
0 0.2859375 0.5296875 0.00859375 0.0125
0 0.02734375 0.93515625 0.0171875 0.0203125