0 0.96953125 0.3640625 0.0109375 0.01796875
0 0.9390625 0.1453125 0.02109375 0.02109375
0 0.88125 0.3125 0.01328125 0.01640625
0 0.815625 0.353125 0.01171875 0.0125
0 0.83125 0.48125 0.009375 0.01171875
0 0.8515625 0.50234375 0.01015625 0.0140625
0 0.64296875 0.44375 0.0109375 0.01640625
0 0.39921875 0.3796875 0.0109375 0.01640625
0 0.4984375 0.490625 0.009375 0.0125
0 0.58125 0.5140625 0.00859375 0.01015625
0 0.46953125 0.5453125 0.0109375 0.01328125
0 0.403125 0.5375 0.01015625 0.0125
0 0.2609375 0.546875 0.00859375 0.01171875
0 0.6328125 0.584375 0.01015625 0.01171875
0 0.425 0.590625 0.00703125 0.00546875