0 0.7453125 0.45390625 0.00859375 0.0109375
0 0.6453125 0.56015625 0.0125 0.0140625
0 0.609375 0.4796875 0.009375 0.009375
0 0.553125 0.4859375 0.00625 0.015625
0 0.45859375 0.48359375 0.0078125 0.0109375
0 0.3953125 0.52890625 0.009375 0.0109375
0 0.37734375 0.4078125 0.0109375 0.01171875
0 0.1265625 0.8 0.01171875 0.02265625
0 0.1546875 0.65625 0.0125 0.015625
0 0.2 0.653125 0.01328125 0.01484375
0 0.146875 0.58984375 0.0125 0.0140625
0 0.19765625 0.5171875 0.0078125 0.0125
0 0.2140625 0.4859375 0.009375 0.01015625