0 0.971875 0.77265625 0.015625 0.0171875
0 0.8890625 0.4328125 0.0125 0.01484375
0 0.6546875 0.62265625 0.01484375 0.0203125
0 0.4546875 0.865625 0.01640625 0.02265625
0 0.3953125 0.60234375 0.01484375 0.0171875
0 0.609375 0.365625 0.01015625 0.015625
0 0.51796875 0.2671875 0.0078125 0.009375
0 0.3875 0.43515625 0.0125 0.0171875
0 0.371875 0.35625 0.0125 0.01328125
0 0.16171875 0.45625 0.0109375 0.01484375
0 0.1796875 0.621875 0.0125 0.01328125
0 0.0515625 0.5703125 0.0125 0.01796875
0 0.0078125 0.5703125 0.015625 0.015625
0 0.021875 0.4015625 0.00859375 0.01328125