0 0.6703125 0.559375 0.015625 0.01875
0 0.5828125 0.515625 0.01484375 0.01796875
0 0.72109375 0.3546875 0.0109375 0.01171875
0 0.709375 0.353125 0.00859375 0.00859375
0 0.99296875 0.79921875 0.0140625 0.0140625
0 0.796875 0.9 0.01484375 0.02421875
0 0.41875 0.871875 0.01796875 0.03046875
0 0.4421875 0.7640625 0.015625 0.021875
0 0.2328125 0.6265625 0.015625 0.01875
0 0.25390625 0.56875 0.0140625 0.015625
0 0.1640625 0.5234375 0.01171875 0.01328125
0 0.453125 0.46953125 0.01015625 0.0171875
0 0.565625 0.30625 0.009375 0.01015625
0 0.5515625 0.309375 0.00703125 0.0125
0 0.5421875 0.30625 0.00703125 0.009375
0 0.52421875 0.303125 0.0078125 0.01015625
0 0.4546875 0.2953125 0.00703125 0.0125