0 0.19375 0.1171875 0.01171875 0.021875
0 0.10859375 0.3796875 0.0109375 0.01171875
0 0.33671875 0.36015625 0.0109375 0.0171875
0 0.2734375 0.4125 0.01015625 0.01484375
0 0.51171875 0.4015625 0.0109375 0.01640625
0 0.49453125 0.453125 0.0078125 0.01171875
0 0.64921875 0.4171875 0.0109375 0.01640625
0 0.740625 0.4078125 0.01015625 0.0125
0 0.571875 0.1984375 0.015625 0.02265625
0 0.6 0.0328125 0.015625 0.02890625
0 0.8828125 0.15625 0.01640625 0.02890625
0 0.99296875 0.30859375 0.0140625 0.0234375
0 0.71875 0.5375 0.01015625 0.0125
0 0.7109375 0.53828125 0.00859375 0.0140625
0 0.5640625 0.5828125 0.00703125 0.00859375
0 0.5515625 0.5828125 0.00859375 0.0125
0 0.53984375 0.5859375 0.0109375 0.01328125
0 0.52109375 0.5890625 0.0078125 0.01015625
0 0.5078125 0.5640625 0.009375 0.0125
0 0.496875 0.5671875 0.01015625 0.015625
0 0.48515625 0.56640625 0.0078125 0.0109375
0 0.4515625 0.5984375 0.00234375 0.00546875
0 0.409375 0.58125 0.00625 0.009375
0 0.390625 0.5796875 0.00703125 0.0125