0 0.959375 0.4421875 0.009375 0.015625
0 0.7453125 0.43984375 0.00859375 0.0140625
0 0.69140625 0.365625 0.0078125 0.0125
0 0.65625 0.190625 0.01328125 0.01796875
0 0.5078125 0.33671875 0.009375 0.0140625
0 0.4875 0.4359375 0.009375 0.01171875
0 0.55390625 0.4828125 0.0078125 0.009375
0 0.509375 0.5125 0.00859375 0.01328125
0 0.31953125 0.49921875 0.0078125 0.0140625
0 0.31953125 0.45 0.0078125 0.01484375
0 0.3265625 0.35546875 0.009375 0.0140625
0 0.2140625 0.39296875 0.01015625 0.0140625
0 0.234375 0.4640625 0.00859375 0.01171875
0 0.2859375 0.471875 0.00859375 0.0125
0 0.02734375 0.06640625 0.0171875 0.0203125