0 0.3703125 0.2421875 0.0125 0.01953125
0 0.3421875 0.215625 0.01015625 0.015625
0 0.65625 0.328125 0.01171875 0.01640625
0 0.696875 0.3203125 0.01015625 0.01640625
0 0.12421875 0.51640625 0.0078125 0.0140625
0 0.3625 0.5578125 0.01015625 0.01015625
0 0.4765625 0.5390625 0.00703125 0.0125
0 0.5375 0.440625 0.00859375 0.01328125
0 0.5015625 0.578125 0.009375 0.01171875
0 0.62578125 0.5421875 0.0109375 0.01171875
0 0.60625 0.60234375 0.00703125 0.0109375
0 0.671875 0.540625 0.00859375 0.01171875
0 0.59140625 0.5609375 0.0046875 0.009375