0 0.1078125 0.8046875 0.01328125 0.015625
0 0.140625 0.82265625 0.015625 0.0171875
0 0.46484375 0.91484375 0.0140625 0.0171875
0 0.23984375 0.7640625 0.0171875 0.01796875
0 0.184375 0.59140625 0.02109375 0.0234375
0 0.4375 0.64375 0.01796875 0.02734375
0 0.1796875 0.40390625 0.02265625 0.0296875
0 0.19296875 0.31484375 0.0171875 0.0296875
0 0.83984375 0.628125 0.0140625 0.021875
0 0.5484375 0.6140625 0.01875 0.02421875
0 0.68046875 0.7703125 0.0140625 0.02265625
0 0.78359375 0.9390625 0.0109375 0.01484375
0 0.8359375 0.93359375 0.01640625 0.0203125
0 0.73046875 0.52890625 0.0203125 0.0234375