0 0.3921875 0.68046875 0.0125 0.0171875
0 0.3515625 0.63125 0.0125 0.01640625
0 0.4953125 0.5203125 0.01015625 0.01328125
0 0.49375 0.4921875 0.01171875 0.01484375
0 0.68125 0.53515625 0.009375 0.0140625
0 0.14375 0.44453125 0.01015625 0.0140625
0 0.2015625 0.4453125 0.01171875 0.01171875
0 0.2546875 0.5234375 0.01171875 0.015625
0 0.9046875 0.684375 0.0125 0.01875
0 0.8796875 0.484375 0.009375 0.01484375
0 0.8359375 0.45078125 0.009375 0.0109375
0 0.7140625 0.4125 0.00859375 0.01171875
0 0.74453125 0.434375 0.0078125 0.01328125
0 0.7609375 0.49765625 0.00703125 0.0140625
0 0.903125 0.71953125 0.015625 0.0171875