0 0.37890625 0.834375 0.0171875 0.02421875
0 0.40078125 0.6875 0.0140625 0.02109375
0 0.8859375 0.890625 0.01328125 0.02109375
0 0.7640625 0.71484375 0.01328125 0.0171875
0 0.9125 0.64609375 0.0125 0.0171875
0 0.07578125 0.68203125 0.0078125 0.0140625
0 0.33671875 0.5578125 0.0109375 0.01328125
0 0.3921875 0.534375 0.01171875 0.01484375
0 0.409375 0.4671875 0.009375 0.01171875
0 0.43203125 0.4875 0.0078125 0.01171875
0 0.484375 0.5859375 0.00703125 0.01484375
0 0.503125 0.5375 0.00859375 0.01484375
0 0.51875 0.4578125 0.009375 0.015625
0 0.615625 0.525 0.015625 0.01875
0 0.95859375 0.56640625 0.0109375 0.0140625
0 0.73046875 0.4859375 0.0078125 0.01015625