0 0.33125 0.559375 0.015625 0.01875
0 0.4171875 0.515625 0.01484375 0.01796875
0 0.28046875 0.3546875 0.0109375 0.01171875
0 0.290625 0.353125 0.00859375 0.00859375
0 0.00703125 0.79921875 0.0140625 0.0140625
0 0.2046875 0.9 0.01484375 0.02421875
0 0.58125 0.871875 0.01796875 0.03046875
0 0.5578125 0.7640625 0.015625 0.021875
0 0.76875 0.6265625 0.015625 0.01875
0 0.74765625 0.56875 0.0140625 0.015625
0 0.8359375 0.5234375 0.01171875 0.01328125
0 0.5453125 0.46953125 0.01015625 0.0171875
0 0.434375 0.30625 0.009375 0.01015625
0 0.4484375 0.309375 0.00703125 0.0125
0 0.45625 0.30625 0.00703125 0.009375
0 0.47734375 0.303125 0.0078125 0.01015625
0 0.54375 0.2953125 0.00703125 0.0125