0 0.43671875 0.68203125 0.0203125 0.0234375
0 0.4796875 0.515625 0.02109375 0.028125
0 0.6046875 0.5296875 0.02109375 0.02265625
0 0.66328125 0.3625 0.0171875 0.02890625
0 0.5 0.34140625 0.01640625 0.0265625
0 0.459375 0.43984375 0.01875 0.0234375
0 0.2890625 0.3953125 0.015625 0.02421875
0 0.1859375 0.4015625 0.01640625 0.025
0 0.21171875 0.2671875 0.0109375 0.02109375
0 0.02890625 0.38359375 0.0140625 0.0203125
0 0.065625 0.0734375 0.009375 0.01484375
0 0.2015625 0.05546875 0.015625 0.0140625
0 0.3578125 0.125 0.01328125 0.01640625
0 0.7875 0.259375 0.01328125 0.01875