0 0.7171875 0.5515625 0.00625 0.01171875
0 0.7078125 0.55078125 0.01015625 0.0109375
0 0.6296875 0.75625 0.009375 0.015625
0 0.9078125 0.7765625 0.01171875 0.01953125
0 0.925 0.75625 0.01171875 0.01640625
0 0.80390625 0.9765625 0.0140625 0.01953125
0 0.37578125 0.85 0.0140625 0.01796875
0 0.2578125 0.771875 0.01328125 0.01796875
0 0.54375 0.6546875 0.0125 0.01640625
0 0.440625 0.6125 0.01015625 0.01484375
0 0.3015625 0.6328125 0.01171875 0.01484375
0 0.1015625 0.79375 0.01171875 0.01640625
0 0.0765625 0.6375 0.0125 0.01328125
0 0.14375 0.9671875 0.015625 0.01875
0 0.5640625 0.50625 0.00859375 0.01171875
0 0.5515625 0.5078125 0.00859375 0.01171875
0 0.5390625 0.5046875 0.01015625 0.01328125
0 0.52578125 0.50078125 0.0109375 0.0140625