0 0.66328125 0.8984375 0.0234375 0.028125
0 0.740625 0.5609375 0.0125 0.021875
0 0.915625 0.48125 0.015625 0.02109375
0 0.95234375 0.4234375 0.0109375 0.01640625
0 0.7578125 0.39453125 0.01171875 0.0171875
0 0.8203125 0.3203125 0.00703125 0.009375
0 0.90625 0.2609375 0.009375 0.01328125
0 0.6296875 0.36875 0.009375 0.01640625
0 0.55234375 0.5515625 0.0140625 0.01875
0 0.5046875 0.284375 0.009375 0.01328125
0 0.39609375 0.490625 0.0109375 0.01640625
0 0.38515625 0.50625 0.0109375 0.015625
0 0.2484375 0.584375 0.01015625 0.02578125
0 0.1125 0.39765625 0.0125 0.0171875
0 0.02265625 0.5125 0.0109375 0.01171875