0 0.59609375 0.63828125 0.0140625 0.0140625
0 0.5734375 0.78125 0.01328125 0.01953125
0 0.4765625 0.7703125 0.01875 0.025
0 0.8390625 0.61796875 0.009375 0.0171875
0 0.8625 0.5 0.00703125 0.01484375
0 0.54609375 0.5203125 0.0078125 0.01796875
0 0.62890625 0.4609375 0.0109375 0.01484375
0 0.49375 0.525 0.009375 0.01484375
0 0.484375 0.5765625 0.00859375 0.01796875
0 0.4484375 0.6109375 0.0125 0.01640625
0 0.43046875 0.5875 0.0109375 0.01796875
0 0.4046875 0.515625 0.01015625 0.01484375
0 0.259375 0.771875 0.015625 0.025
0 0.2203125 0.74765625 0.015625 0.0203125
0 0.1921875 0.609375 0.01171875 0.02109375
0 0.13203125 0.703125 0.0109375 0.01796875
0 0.13046875 0.5171875 0.0109375 0.015625
0 0.0359375 0.6234375 0.0125 0.01640625
0 0.0359375 0.7359375 0.01484375 0.02109375