0 0.47890625 0.6140625 0.0109375 0.01796875
0 0.2671875 0.60625 0.01484375 0.01640625
0 0.46875 0.8671875 0.00859375 0.01015625
0 0.475 0.8234375 0.00859375 0.01640625
0 0.6296875 0.90546875 0.00703125 0.0140625
0 0.67734375 0.6453125 0.0109375 0.021875
0 0.98203125 0.80234375 0.0109375 0.0171875
0 0.909375 0.578125 0.01171875 0.01953125
0 0.8328125 0.6203125 0.0125 0.01875
0 0.71953125 0.6296875 0.0109375 0.02109375
0 0.7703125 0.5328125 0.01328125 0.01796875
0 0.54453125 0.33046875 0.0171875 0.0234375
0 0.090625 0.8390625 0.0125 0.02109375
0 0.0828125 0.6078125 0.01484375 0.01875