0 0.08203125 0.85625 0.0296875 0.03828125
0 0.62734375 0.4734375 0.0171875 0.028125
0 0.553125 0.34296875 0.01328125 0.0265625
0 0.56796875 0.3515625 0.0140625 0.02734375
0 0.146875 0.3296875 0.01171875 0.01640625
0 0.128125 0.34375 0.01484375 0.02109375
0 0.23046875 0.2875 0.0109375 0.02109375
0 0.2578125 0.31796875 0.01328125 0.0203125
0 0.30078125 0.2796875 0.0109375 0.01640625
0 0.31875 0.26796875 0.01015625 0.0203125
0 0.9890625 0.33125 0.01484375 0.015625
0 0.803125 0.3109375 0.015625 0.021875