0 0.3390625 0.4703125 0.009375 0.01171875
0 0.43125 0.5359375 0.01015625 0.00859375
0 0.51484375 0.55234375 0.0109375 0.0109375
0 0.54375 0.55546875 0.00859375 0.0109375
0 0.6578125 0.5375 0.00859375 0.01640625
0 0.5734375 0.43203125 0.009375 0.0109375
0 0.4734375 0.403125 0.00703125 0.00859375
0 0.7234375 0.834375 0.009375 0.01484375
0 0.675 0.8015625 0.009375 0.01875
0 0.5375 0.7421875 0.00859375 0.01640625
0 0.42890625 0.81875 0.0140625 0.01796875
0 0.3140625 0.6859375 0.01015625 0.015625
0 0.11484375 0.5078125 0.0078125 0.01484375