0 0.33828125 0.103125 0.0234375 0.028125
0 0.2609375 0.4390625 0.0125 0.021875
0 0.084375 0.5203125 0.015625 0.02109375
0 0.04765625 0.575 0.0109375 0.01640625
0 0.2421875 0.60703125 0.01171875 0.0171875
0 0.178125 0.68125 0.00703125 0.009375
0 0.09375 0.7375 0.009375 0.01328125
0 0.3703125 0.63125 0.009375 0.01640625
0 0.44765625 0.45 0.0140625 0.01875
0 0.4953125 0.715625 0.009375 0.01328125
0 0.60390625 0.509375 0.0109375 0.01640625
0 0.61484375 0.4953125 0.0109375 0.015625
0 0.75 0.4140625 0.01015625 0.02578125
0 0.8875 0.60234375 0.0125 0.0171875
0 0.97734375 0.4890625 0.0109375 0.01171875