0 0.9515625 0.9515625 0.02421875 0.02734375
0 0.4421875 0.7453125 0.01640625 0.03203125
0 0.109375 0.6125 0.01171875 0.03125
0 0.3234375 0.46015625 0.01640625 0.0203125
0 0.5796875 0.459375 0.01640625 0.02109375
0 0.728125 0.478125 0.01796875 0.021875
0 0.45703125 0.3578125 0.0140625 0.02109375
0 0.62109375 0.24375 0.0109375 0.02421875
0 0.4015625 0.24765625 0.01171875 0.0140625
0 0.0703125 0.20234375 0.01015625 0.0171875
0 0.58125 0.13125 0.009375 0.01796875
0 0.54140625 0.1484375 0.0109375 0.0125