0 0.796875 0.57734375 0.02265625 0.0296875
0 0.93828125 0.7734375 0.0140625 0.01640625
0 0.97734375 0.79921875 0.0140625 0.0171875
0 0.8671875 0.31484375 0.028125 0.0296875
0 0.3734375 0.3984375 0.01875 0.03828125
0 0.6015625 0.6515625 0.01484375 0.02421875
0 0.5921875 0.79140625 0.01484375 0.0171875
0 0.54375 0.7953125 0.0125 0.01875
0 0.5140625 0.7640625 0.01328125 0.02109375
0 0.5015625 0.7875 0.015625 0.01953125
0 0.29375 0.64140625 0.01484375 0.0265625
0 0.153125 0.65546875 0.01484375 0.0234375
0 0.103125 0.7046875 0.015625 0.021875