0 0.41953125 0.3515625 0.0140625 0.01953125
0 0.553125 0.4046875 0.0125 0.01875
0 0.57109375 0.5921875 0.0109375 0.01328125
0 0.675 0.528125 0.01328125 0.01484375
0 0.43828125 0.609375 0.0109375 0.015625
0 0.31953125 0.453125 0.0140625 0.01875
0 0.30625 0.425 0.009375 0.01640625
0 0.21640625 0.43125 0.0171875 0.021875
0 0.2265625 0.484375 0.01171875 0.01796875
0 0.225 0.5875 0.00859375 0.01640625
0 0.7765625 0.26875 0.01484375 0.021875
0 0.5609375 0.14375 0.01640625 0.02421875
0 0.965625 0.0734375 0.02109375 0.025
0 0.7203125 0.69609375 0.009375 0.0109375
0 0.7078125 0.696875 0.01015625 0.01328125
0 0.97265625 0.43125 0.0140625 0.01796875