0 0.43671875 0.31796875 0.0203125 0.0234375
0 0.4796875 0.4859375 0.02109375 0.028125
0 0.6046875 0.46875 0.02109375 0.02265625
0 0.66328125 0.6375 0.0171875 0.02890625
0 0.5 0.65859375 0.01640625 0.0265625
0 0.459375 0.56015625 0.01875 0.0234375
0 0.2890625 0.60625 0.015625 0.02421875
0 0.1859375 0.5984375 0.01640625 0.025
0 0.21171875 0.7328125 0.0109375 0.02109375
0 0.02890625 0.61796875 0.0140625 0.0203125
0 0.065625 0.9265625 0.009375 0.01484375
0 0.2015625 0.94453125 0.015625 0.0140625
0 0.3578125 0.875 0.01328125 0.01640625
0 0.7875 0.7421875 0.01328125 0.01875