0 0.7390625 0.6140625 0.01875 0.028125
0 0.6265625 0.5890625 0.021875 0.034375
0 0.68125 0.4734375 0.01484375 0.025
0 0.8578125 0.4046875 0.01796875 0.02421875
0 0.97421875 0.45625 0.0140625 0.01875
0 0.571875 0.3171875 0.0125 0.01640625
0 0.6171875 0.2890625 0.0125 0.01875
0 0.575 0.34375 0.009375 0.01875
0 0.384375 0.346875 0.01015625 0.021875
0 0.3765625 0.475 0.01328125 0.02109375
0 0.42265625 0.6515625 0.0203125 0.02578125
0 0.2828125 0.3578125 0.015625 0.015625
0 0.20859375 0.4921875 0.0078125 0.025
0 0.0625 0.5 0.02109375 0.02734375
0 0.171875 0.66328125 0.02109375 0.0359375