0 0.3625 0.44375 0.00859375 0.01328125
0 0.3546875 0.515625 0.009375 0.01328125
0 0.4359375 0.5765625 0.01015625 0.01484375
0 0.84375 0.55 0.009375 0.01328125
0 0.95625 0.46171875 0.009375 0.0109375
0 0.98359375 0.4609375 0.0109375 0.01171875
0 0.8390625 0.5734375 0.01015625 0.01328125
0 0.8078125 0.571875 0.01015625 0.015625
0 0.825 0.490625 0.009375 0.01171875
0 0.8203125 0.4578125 0.009375 0.0125
0 0.8015625 0.3921875 0.00859375 0.0125
0 0.690625 0.471875 0.00703125 0.01328125
0 0.61875 0.478125 0.009375 0.01171875
0 0.5734375 0.43671875 0.009375 0.0109375