0 0.890625 0.8046875 0.01328125 0.015625
0 0.859375 0.82265625 0.015625 0.0171875
0 0.53671875 0.91484375 0.0140625 0.0171875
0 0.76015625 0.7640625 0.0171875 0.01796875
0 0.815625 0.59140625 0.02109375 0.0234375
0 0.5625 0.64375 0.01796875 0.02734375
0 0.81875 0.40390625 0.02265625 0.0296875
0 0.80859375 0.31484375 0.0171875 0.0296875
0 0.16171875 0.628125 0.0140625 0.021875
0 0.4515625 0.6140625 0.01875 0.02421875
0 0.31953125 0.7703125 0.0140625 0.02265625
0 0.21796875 0.9390625 0.0109375 0.01484375
0 0.1640625 0.93359375 0.01640625 0.0203125
0 0.26953125 0.52890625 0.0203125 0.0234375