0 0.3140625 0.3515625 0.0125 0.01484375
0 0.384375 0.36171875 0.009375 0.0140625
0 0.3 0.52578125 0.0125 0.0171875
0 0.06875 0.6765625 0.01484375 0.02265625
0 0.1953125 0.7671875 0.01953125 0.01796875
0 0.5125 0.6140625 0.0125 0.01640625
0 0.5234375 0.509375 0.00859375 0.01328125
0 0.55 0.4203125 0.009375 0.01484375
0 0.925 0.6828125 0.01640625 0.02109375
0 0.66875 0.4859375 0.015625 0.015625
0 0.8296875 0.4125 0.009375 0.01328125
0 0.846875 0.359375 0.009375 0.0125
0 0.86953125 0.29453125 0.0078125 0.0109375
0 0.89609375 0.265625 0.0078125 0.0125
0 0.97734375 0.3953125 0.0078125 0.015625