0 0.6625 0.4703125 0.009375 0.01171875
0 0.5671875 0.5359375 0.01015625 0.00859375
0 0.48671875 0.55234375 0.0109375 0.0109375
0 0.45625 0.55546875 0.00859375 0.0109375
0 0.34375 0.5375 0.00859375 0.01640625
0 0.4265625 0.43203125 0.009375 0.0109375
0 0.525 0.403125 0.00703125 0.00859375
0 0.278125 0.834375 0.009375 0.01484375
0 0.325 0.8015625 0.009375 0.01875
0 0.4640625 0.7421875 0.00859375 0.01640625
0 0.57265625 0.81875 0.0140625 0.01796875
0 0.6859375 0.6859375 0.01015625 0.015625
0 0.88515625 0.5078125 0.0078125 0.01484375