0 0.19921875 0.3953125 0.0109375 0.02109375
0 0.1734375 0.396875 0.01328125 0.02421875
0 0.1578125 0.384375 0.01171875 0.02265625
0 0.31171875 0.45 0.0140625 0.02109375
0 0.3296875 0.4578125 0.01328125 0.01796875
0 0.3421875 0.4453125 0.0125 0.01953125
0 0.4140625 0.4703125 0.0125 0.01796875
0 0.53515625 0.4578125 0.0140625 0.01796875
0 0.61875 0.459375 0.015625 0.021875
0 0.365625 0.478125 0.01171875 0.01640625
0 0.35390625 0.4734375 0.0109375 0.01640625
0 0.85 0.2734375 0.01875 0.02734375
0 0.875 0.3234375 0.015625 0.02734375
0 0.92265625 0.2796875 0.0171875 0.02734375
0 0.93125 0.4375 0.0125 0.021875