0 0.40390625 0.36328125 0.0140625 0.0140625
0 0.4265625 0.2171875 0.01328125 0.01953125
0 0.5234375 0.23125 0.01875 0.025
0 0.1609375 0.38203125 0.009375 0.0171875
0 0.1375 0.5015625 0.00703125 0.01484375
0 0.45390625 0.4796875 0.0078125 0.01796875
0 0.37265625 0.5390625 0.0109375 0.01484375
0 0.50625 0.4765625 0.009375 0.01484375
0 0.515625 0.425 0.00859375 0.01796875
0 0.553125 0.3875 0.0125 0.01640625
0 0.56953125 0.4140625 0.0109375 0.01796875
0 0.59375 0.4859375 0.01015625 0.01484375
0 0.740625 0.228125 0.015625 0.025
0 0.7796875 0.25234375 0.015625 0.0203125
0 0.809375 0.3921875 0.01171875 0.02109375
0 0.86953125 0.2984375 0.0109375 0.01796875
0 0.86953125 0.4828125 0.0109375 0.015625
0 0.965625 0.3765625 0.0125 0.01640625
0 0.965625 0.2640625 0.01484375 0.02109375