0 0.19375 0.884375 0.01171875 0.021875
0 0.10859375 0.621875 0.0109375 0.01171875
0 0.33671875 0.63984375 0.0109375 0.0171875
0 0.2734375 0.5890625 0.01015625 0.01484375
0 0.51171875 0.596875 0.0109375 0.01640625
0 0.49453125 0.546875 0.0078125 0.01171875
0 0.64921875 0.5828125 0.0109375 0.01640625
0 0.740625 0.5921875 0.01015625 0.0125
0 0.571875 0.8015625 0.015625 0.02265625
0 0.6 0.9671875 0.015625 0.02890625
0 0.8828125 0.84375 0.01640625 0.02890625
0 0.99296875 0.69140625 0.0140625 0.0234375
0 0.71875 0.4625 0.01015625 0.0125
0 0.7109375 0.46328125 0.00859375 0.0140625
0 0.5640625 0.4171875 0.00703125 0.00859375
0 0.5515625 0.41875 0.00859375 0.0125
0 0.53984375 0.4140625 0.0109375 0.01328125
0 0.52109375 0.4109375 0.0078125 0.01015625
0 0.5078125 0.4359375 0.009375 0.0125
0 0.496875 0.434375 0.01015625 0.015625
0 0.48515625 0.43515625 0.0078125 0.0109375
0 0.4515625 0.403125 0.00234375 0.00546875
0 0.409375 0.41875 0.00625 0.009375
0 0.390625 0.4203125 0.00703125 0.0125