0 0.64296875 0.36875 0.0140625 0.01875
0 0.6140625 0.50390625 0.00859375 0.0140625
0 0.6484375 0.56875 0.00859375 0.0125
0 0.49375 0.5171875 0.01171875 0.015625
0 0.3734375 0.48359375 0.00859375 0.0140625
0 0.33359375 0.5953125 0.0078125 0.01484375
0 0.13125 0.409375 0.0125 0.02109375
0 0.146875 0.6484375 0.01171875 0.01484375
0 0.2796875 0.67109375 0.009375 0.0140625
0 0.4359375 0.615625 0.01015625 0.01640625
0 0.45546875 0.72265625 0.0078125 0.0140625
0 0.875 0.4546875 0.01328125 0.01640625
0 0.7875 0.63203125 0.00859375 0.0140625