0 0.58203125 0.646875 0.0140625 0.01953125
0 0.4484375 0.5953125 0.0125 0.01875
0 0.42890625 0.40625 0.0109375 0.01328125
0 0.325 0.471875 0.01328125 0.01484375
0 0.56328125 0.390625 0.0109375 0.015625
0 0.68046875 0.5484375 0.0140625 0.01875
0 0.6953125 0.575 0.009375 0.01640625
0 0.78359375 0.5703125 0.0171875 0.021875
0 0.7734375 0.515625 0.01171875 0.01796875
0 0.7765625 0.4109375 0.00859375 0.01640625
0 0.2234375 0.73125 0.01484375 0.021875
0 0.4390625 0.85625 0.01640625 0.02421875
0 0.034375 0.928125 0.02109375 0.025
0 0.28125 0.30390625 0.009375 0.0109375
0 0.290625 0.303125 0.01015625 0.01328125
0 0.02734375 0.5703125 0.0140625 0.01796875