0 0.3390625 0.85625 0.01875 0.02265625
0 0.978125 0.7765625 0.01796875 0.034375
0 0.5671875 0.61953125 0.01484375 0.0203125
0 0.315625 0.61953125 0.0125 0.0140625
0 0.209375 0.62734375 0.01015625 0.0171875
0 0.0671875 0.5953125 0.01484375 0.01796875
0 0.0578125 0.5546875 0.01015625 0.01875
0 0.0609375 0.36875 0.00703125 0.015625
0 0.271875 0.4015625 0.01484375 0.01640625
0 0.40390625 0.434375 0.0109375 0.01484375
0 0.40625 0.3546875 0.009375 0.01484375
0 0.5640625 0.3515625 0.01328125 0.01484375
0 0.8921875 0.43203125 0.01171875 0.0109375