0 0.08203125 0.14375 0.0296875 0.03828125
0 0.62734375 0.5265625 0.0171875 0.028125
0 0.553125 0.65859375 0.01328125 0.0265625
0 0.56796875 0.6484375 0.0140625 0.02734375
0 0.146875 0.66875 0.01171875 0.01640625
0 0.128125 0.6578125 0.01484375 0.02109375
0 0.23046875 0.7140625 0.0109375 0.02109375
0 0.2578125 0.68359375 0.01328125 0.0203125
0 0.30078125 0.7203125 0.0109375 0.01640625
0 0.31875 0.73203125 0.01015625 0.0203125
0 0.9890625 0.66875 0.01484375 0.015625
0 0.803125 0.690625 0.015625 0.021875