0 0.2359375 0.5625 0.00859375 0.015625
0 0.38203125 0.6078125 0.0109375 0.015625
0 0.2765625 0.5109375 0.00859375 0.01015625
0 0.365625 0.50390625 0.00859375 0.0109375
0 0.1375 0.790625 0.01484375 0.01875
0 0.53125 0.77734375 0.01015625 0.0171875
0 0.68125 0.7140625 0.01484375 0.015625
0 0.8390625 0.721875 0.01328125 0.015625
0 0.84921875 0.5203125 0.0078125 0.0125
0 0.728125 0.52109375 0.00859375 0.0140625
0 0.5515625 0.5015625 0.00703125 0.0125
0 0.52265625 0.4421875 0.0078125 0.0125
0 0.440625 0.415625 0.00859375 0.01171875
0 0.340625 0.47109375 0.01015625 0.0078125