0 0.609375 0.31953125 0.0125 0.0171875
0 0.6484375 0.3671875 0.0125 0.01640625
0 0.503125 0.4796875 0.01015625 0.01328125
0 0.50625 0.509375 0.01171875 0.01484375
0 0.31875 0.46640625 0.009375 0.0140625
0 0.8546875 0.55546875 0.01015625 0.0140625
0 0.8 0.5546875 0.01171875 0.01171875
0 0.746875 0.478125 0.01171875 0.015625
0 0.096875 0.3171875 0.0125 0.01875
0 0.121875 0.5171875 0.009375 0.01484375
0 0.165625 0.55078125 0.009375 0.0109375
0 0.2875 0.5875 0.00859375 0.01171875
0 0.25703125 0.5640625 0.0078125 0.01328125
0 0.2375 0.50390625 0.00703125 0.0140625
0 0.096875 0.28046875 0.015625 0.0171875