0 0.6609375 0.14375 0.01875 0.02265625
0 0.021875 0.2234375 0.01796875 0.034375
0 0.434375 0.38203125 0.01484375 0.0203125
0 0.684375 0.38046875 0.0125 0.0140625
0 0.7890625 0.37265625 0.01015625 0.0171875
0 0.934375 0.4046875 0.01484375 0.01796875
0 0.940625 0.446875 0.01015625 0.01875
0 0.9375 0.63125 0.00703125 0.015625
0 0.728125 0.596875 0.01484375 0.01640625
0 0.59765625 0.565625 0.0109375 0.01484375
0 0.59375 0.6453125 0.009375 0.01484375
0 0.434375 0.6484375 0.01328125 0.01484375
0 0.1078125 0.56953125 0.01171875 0.0109375