0 0.71015625 0.53125 0.0109375 0.015625
0 0.67734375 0.5765625 0.0078125 0.0125
0 0.6109375 0.5640625 0.01171875 0.01875
0 0.58125 0.4921875 0.0125 0.01484375
0 0.54921875 0.496875 0.0109375 0.015625
0 0.56875 0.6 0.009375 0.0125
0 0.54296875 0.6359375 0.0078125 0.0125
0 0.45625 0.5265625 0.009375 0.0125
0 0.12421875 0.3828125 0.0140625 0.01796875
0 0.1359375 0.553125 0.00625 0.01015625
0 0.065625 0.6171875 0.00703125 0.0125
0 0.303125 0.62109375 0.00703125 0.0109375
0 0.3578125 0.640625 0.00703125 0.00859375
0 0.37890625 0.6171875 0.0109375 0.01328125
0 0.415625 0.615625 0.00703125 0.01015625
0 0.4328125 0.584375 0.01015625 0.01484375
0 0.4375 0.625 0.00703125 0.01328125
0 0.425 0.646875 0.00859375 0.00859375
0 0.4703125 0.64609375 0.00703125 0.0078125