0 0.1015625 0.803125 0.01640625 0.01796875
0 0.1328125 0.7625 0.01484375 0.01875
0 0.1578125 0.8359375 0.01015625 0.01875
0 0.1921875 0.771875 0.0125 0.02109375
0 0.15234375 0.6828125 0.0109375 0.01328125
0 0.23125 0.61953125 0.01484375 0.0234375
0 0.3234375 0.534375 0.01640625 0.025
0 0.44140625 0.6859375 0.0171875 0.02265625
0 0.6359375 0.721875 0.015625 0.01953125
0 0.7328125 0.8078125 0.01171875 0.01875
0 0.803125 0.753125 0.0125 0.01484375
0 0.9109375 0.584375 0.015625 0.02265625
0 0.7140625 0.278125 0.021875 0.034375
0 0.6015625 0.40234375 0.02421875 0.0359375