0 0.35703125 0.63125 0.0140625 0.01875
0 0.3875 0.49765625 0.00859375 0.0140625
0 0.353125 0.4328125 0.00859375 0.0125
0 0.5078125 0.484375 0.01171875 0.015625
0 0.6265625 0.51640625 0.00859375 0.0140625
0 0.66640625 0.40625 0.0078125 0.01484375
0 0.8703125 0.5921875 0.0125 0.02109375
0 0.853125 0.353125 0.01171875 0.01484375
0 0.721875 0.32890625 0.009375 0.0140625
0 0.5640625 0.3828125 0.01015625 0.01640625
0 0.54453125 0.27890625 0.0078125 0.0140625
0 0.1234375 0.5453125 0.01328125 0.01640625
0 0.2140625 0.36953125 0.00859375 0.0140625