0 0.51015625 0.41328125 0.0453125 0.0578125
0 0.7359375 0.484375 0.04296875 0.05625
0 0.8390625 0.46328125 0.040625 0.0609375
0 0.778125 0.49765625 0.02265625 0.0390625
0 0.259375 0.48828125 0.01484375 0.0203125
0 0.2734375 0.49609375 0.01171875 0.0140625
0 0.3015625 0.4984375 0.01015625 0.015625
0 0.3328125 0.503125 0.01015625 0.015625
0 0.340625 0.503125 0.01015625 0.01796875
0 0.3515625 0.5046875 0.01328125 0.01875
0 0.3796875 0.5 0.01171875 0.0125
0 0.415625 0.509375 0.01328125 0.01875
0 0.44609375 0.5046875 0.0140625 0.01796875