0 0.6421875 0.1140625 0.01484375 0.02578125
0 0.4171875 0.29453125 0.01328125 0.0265625
0 0.453125 0.32578125 0.01640625 0.0203125
0 0.98515625 0.36875 0.0140625 0.01875
0 0.31171875 0.4625 0.0109375 0.0125
0 0.35625 0.4875 0.00859375 0.01484375
0 0.09375 0.4953125 0.015625 0.01796875
0 0.384375 0.48046875 0.01328125 0.0171875
0 0.55546875 0.609375 0.0109375 0.0125
0 0.509375 0.715625 0.01171875 0.01171875
0 0.68125 0.58125 0.0125 0.01640625
0 0.7671875 0.621875 0.009375 0.01796875
0 0.803125 0.68125 0.01015625 0.01484375
0 0.8859375 0.73671875 0.01015625 0.0140625