0 0.52421875 0.0556640625 0.0109375 0.021484375
0 0.54375 0.052734375 0.009375 0.01953125
0 0.56640625 0.060546875 0.0078125 0.0234375
0 0.5390625 0.0712890625 0.009375 0.021484375
0 0.58671875 0.052734375 0.0109375 0.0234375
0 0.609375 0.052734375 0.009375 0.01953125
0 0.60078125 0.0751953125 0.0078125 0.025390625
0 0.6265625 0.068359375 0.009375 0.0234375
0 0.58515625 0.4013671875 0.0140625 0.029296875
0 0.6046875 0.3916015625 0.009375 0.025390625
0 0.61640625 0.3994140625 0.0109375 0.025390625
0 0.63359375 0.3818359375 0.0109375 0.025390625
0 0.64375 0.4111328125 0.0125 0.025390625
0 0.25234375 0.4794921875 0.0109375 0.021484375
0 0.27578125 0.451171875 0.0109375 0.0234375
0 0.30234375 0.46484375 0.0109375 0.0234375
0 0.44765625 0.501953125 0.0140625 0.02734375
0 0.3453125 0.7021484375 0.0125 0.029296875
0 0.3609375 0.71875 0.0125 0.02734375
0 0.36875 0.7001953125 0.0125 0.021484375
0 0.37734375 0.71875 0.0109375 0.0234375
0 0.40234375 0.6943359375 0.0140625 0.029296875